0.3333333333333333, 0.7272727272727273,0.6799999999999997, 0.5599970000000027, 0.0, 0.030003000000000668, 36.169998, 36.200001, 1-1-2007
0.05, 0.6263736263736264,0.3400000000000034, 0.030003000000000668, -0.010002000000000066, -0.4199989999999971, 36.200001, 35.77, 1-2-2007
0.38461538461538464, 0.5714285714285714,0.48999799999999993, -0.4199989999999971, -0.06999900000000281, -0.04999899999999968, 35.77, 35.650002, 1-3-2007
0.5, 0.6818181818181818,0.6999970000000033, -0.04999899999999968, 0.07999799999999624, -0.09999899999999684, 35.650002, 35.630001, 1-4-2007
0.0, 0.9166666666666666,0.5200000000000031, -0.09999899999999684, 0.00999800000000306, -0.029998000000006186, 35.630001, 35.610001, 1-5-2007
0.18181818181818182, 0.5714285714285714,0.35000299999999385, -0.029998000000006186, 0.0, -0.10000299999999385, 35.610001, 35.509998, 1-6-2007
0.06666666666666667, 0.5,0.33000200000000035, -0.10000299999999385, 0.0899999999999963, -0.04999899999999968, 35.509998, 35.549999, 1-7-2007
0.3, 0.7875,0.21999699999999933, -0.04999899999999968, 0.04999899999999968, 0.15000200000000063, 35.549999, 35.75, 1-8-2007
0.2777777777777778, 0.6666666666666666,0.5799980000000033, 0.15000200000000063, -0.06000099999999975, 0.06999900000000281, 35.75, 35.759998, 1-9-2007
0.6, 0.7288135593220338,0.36999899999999997, 0.06999900000000281, -0.75, 0.5600019999999972, 35.759998, 35.57, 1-10-2007
0.13333333333333333, 0.75,0.7600020000000001, 0.5600019999999972, 0.13000100000000003, -0.24000199999999694, 35.57, 35.459999, 1-11-2007
0.3333333333333333, 0.7,0.39999800000000363, -0.24000199999999694, -0.00999800000000306, -0.1600000000000037, 35.459999, 35.290001, 1-12-2007
0.5454545454545454, 0.7358490566037735,0.26000200000000007, -0.1600000000000037, -0.04000099999999662, 0.15000200000000063, 35.290001, 35.400002, 1-13-2007
0.2631578947368421, 0.7936507936507936,0.21000300000000038, 0.15000200000000063, 0.09999799999999937, 0.020000000000003126, 35.400002, 35.52, 1-14-2007
0.2727272727272727, 0.6857142857142857,0.2999989999999997, 0.020000000000003126, 0.0, -0.25, 35.52, 35.27, 1-15-2007
0.2631578947368421, 0.5686274509803921,0.33000200000000035, -0.25, 0.07000000000000028, 0.2000009999999932, 35.27, 35.540001, 1-16-2007
0.5, 0.7872340425531915,0.3200000000000003, 0.2000009999999932, -0.04000099999999662, -0.11999899999999997, 35.540001, 35.380001, 1-17-2007
0.07692307692307693, 0.6463414634146342,0.27999899999999656, -0.11999899999999997, 0.00999800000000306, -0.05999700000000274, 35.380001, 35.330002, 1-18-2007
0.20833333333333334, 0.5522388059701493,0.17999999999999972, -0.05999700000000274, -0.07000399999999729, 0.3399999999999963, 35.330002, 35.599998, 1-19-2007
0.3076923076923077, 0.6470588235294118,0.5, 0.3399999999999963, 0.0, -0.009997999999995955, 35.599998, 35.59, 1-20-2007
0.2777777777777778, 0.6764705882352942,0.19999599999999873, -0.009997999999995955, 0.0, 0.22000099999999634, 35.59, 35.810001, 2-1-2007
0.3333333333333333, 0.7073170731707317,0.25, 0.22000099999999634, -0.10000199999999637, 0.010002000000000066, 35.810001, 35.720001, 2-2-2007
0.375, 0.6222222222222222,0.3000029999999967, 0.010002000000000066, -0.010002000000000066, 0.31000099999999975, 35.720001, 36.02, 2-3-2007
0.25, 0.7339449541284404,0.4300000000000068, 0.31000099999999975, -0.010002000000000066, 0.0, 36.02, 36.009998, 2-4-2007
0.55, 0.7575757575757576,0.14999699999999905, 0.0, -0.00999800000000306, -0.07000000000000028, 36.009998, 35.93, 2-5-2007
0.2727272727272727, 0.6363636363636364,0.15000200000000063, -0.07000000000000028, 0.009999000000000535, -0.09999899999999684, 35.93, 35.84, 2-6-2007
0.25, 0.7796610169491526,0.29000100000000373, -0.09999899999999684, -0.02999900000000366, 0.20999900000000338, 35.84, 36.02, 2-7-2007
0.26666666666666666, 0.6724137931034483,0.2700010000000006, 0.20999900000000338, 0.3999979999999965, -0.16999799999999965, 36.02, 36.25, 2-8-2007
0.2, 0.53125,0.3999979999999965, -0.16999799999999965, 0.0, -0.04999899999999968, 36.25, 36.200001, 2-9-2007
0.631578947368421, 0.6296296296296297,0.22000099999999634, -0.04999899999999968, 0.39999699999999905, -0.25, 36.200001, 36.349998, 2-10-2007
0.3333333333333333, 0.5897435897435898,0.45999899999999627, -0.25, 0.25, 0.0200010000000006, 36.349998, 36.619999, 2-11-2007
0.4, 0.6857142857142857,0.3400000000000034, 0.0200010000000006, -0.22999999999999687, 0.2900009999999966, 36.619999, 36.68, 2-12-2007
0.4827586206896552, 0.6666666666666666,0.4500010000000003, 0.2900009999999966, -0.08000200000000035, 0.030003000000000668, 36.68, 36.630001, 2-13-2007
0.4, 0.6951219512195121,0.26000200000000007, 0.030003000000000668, 0.0200010000000006, -0.010002999999997542, 36.630001, 36.639999, 2-14-2007
0.14285714285714285, 0.7222222222222222,0.15000100000000316, -0.010002999999997542, 0.09000099999999378, -0.1800009999999972, 36.639999, 36.549999, 2-15-2007
0.5, 0.8571428571428571,0.5299989999999966, -0.1800009999999972, 0.04000100000000373, -0.15000100000000316, 36.549999, 36.439999, 2-16-2007
0.5714285714285714, 0.696969696969697,0.44000299999999726, -0.15000100000000316, 0.3399999999999963, -1.1699979999999996, 36.439999, 35.610001, 2-17-2007
0.21428571428571427, 0.6481481481481481,2.0099989999999934, -1.1699979999999996, -0.010002999999997542, 0.060001999999997224, 35.610001, 35.66, 2-18-2007
0.2608695652173913, 0.6163793103448276,0.5200009999999935, 0.09000000000000341, -0.060001999999997224, -0.11999899999999997, 35.57, 35.389999, 3-1-2007
0.14423076923076922, 0.5204460966542751,0.5299989999999966, -0.11999899999999997, 0.0, -0.25, 35.389999, 35.139999, 3-2-2007
0.25, 0.6345177664974619,1.0900010000000009, -0.25, 0.11999899999999997, 0.35000299999999385, 35.139999, 35.610001, 3-3-2007
0.25301204819277107, 0.588477366255144,0.36999899999999997, 0.35000299999999385, 0.020000000000003126, -0.1599999999999966, 35.610001, 35.470001, 3-4-2007
0.3119266055045872, 0.6487341772151899,0.3600009999999969, -0.1599999999999966, 0.13999999999999346, -0.060001999999997224, 35.470001, 35.549999, 3-5-2007
0.35185185185185186, 0.6523605150214592,0.31000099999999975, -0.060001999999997224, 0.14000000000000057, -0.1600000000000037, 35.549999, 35.529999, 3-6-2007
0.32786885245901637, 0.5961538461538461,0.27999899999999656, -0.1600000000000037, -0.0899999999999963, 0.22000099999999634, 35.529999, 35.66, 3-7-2007
0.4, 0.7642857142857142,0.2999990000000068, 0.22000099999999634, -0.15000199999999353, -0.5099980000000031, 35.66, 35.0, 3-8-2007
0.2631578947368421, 0.7041420118343196,0.6199980000000025, -0.5099980000000031, 0.17999999999999972, -0.2799979999999991, 35.0, 34.900002, 3-9-2007
0.25316455696202533, 0.6650717703349283,0.7799979999999991, -0.2799979999999991, -0.10000300000000095, 0.40000200000000063, 34.900002, 35.200001, 3-10-2007
0.23853211009174313, 0.6439169139465876,0.5999979999999994, 0.40000200000000063, -0.0200010000000006, -0.08000200000000035, 35.200001, 35.099998, 3-11-2007
0.29850746268656714, 0.6197183098591549,0.4799999999999969, -0.08000200000000035, 0.15000200000000063, 0.16999799999999965, 35.099998, 35.419998, 3-12-2007
0.3090909090909091, 0.648936170212766,0.3500020000000035, 0.16999799999999965, -0.039996999999999616, 0.20000100000000032, 35.419998, 35.580002, 3-13-2007
0.29850746268656714, 0.672566371681416,0.3100019999999972, 0.20000100000000032, -0.030003000000000668, 0.4799999999999969, 35.580002, 36.029999, 3-14-2007
0.4482758620689655, 0.6842105263157895,0.6799999999999997, 0.4799999999999969, 0.0, -0.029998999999996556, 36.029999, 36.0, 3-15-2007
0.28888888888888886, 0.6987951807228916,0.3399999999999963, -0.029998999999996556, 0.0, -0.09000000000000341, 36.0, 35.91, 3-16-2007
0.5434782608695652, 0.7195121951219512,0.3400010000000009, -0.09000000000000341, 0.09000000000000341, 0.00999800000000306, 35.91, 36.009998, 3-17-2007
0.3076923076923077, 0.68125,0.4100000000000037, 0.00999800000000306, -0.09000000000000341, -0.3200000000000003, 36.009998, 35.599998, 3-18-2007
0.3384615384615385, 0.6536585365853659,0.4700019999999938, -0.3200000000000003, -0.39999699999999905, -0.4300009999999972, 35.599998, 34.77, 3-19-2007
0.21052631578947367, 0.7081545064377682,0.7199970000000064, -0.4300009999999972, 0.20000100000000032, 0.039996999999999616, 34.77, 35.009998, 3-20-2007
0.16216216216216217, 0.6244131455399061,0.3800019999999975, 0.039996999999999616, 0.08000200000000035, -0.11999899999999997, 35.009998, 34.970001, 3-21-2007
0.2, 0.711340206185567,0.5200009999999935, -0.3600009999999969, 0.22000100000000344, 0.13999999999999346, 34.669998, 35.029999, 4-1-2007
0.3333333333333333, 0.7439024390243902,0.3199990000000028, 0.13999999999999346, -0.04999899999999968, -0.27999899999999656, 35.029999, 34.700001, 4-2-2007
0.55, 0.7105263157894737,0.4299999999999997, -0.27999899999999656, -0.010002000000000066, 0.030002000000003193, 34.700001, 34.720001, 4-3-2007
0.3333333333333333, 0.7875,0.26000200000000007, 0.030002000000003193, -0.010002000000000066, -0.02999900000000366, 34.720001, 34.68, 4-4-2007
0.5384615384615384, 0.7126436781609196,0.1800009999999972, -0.02999900000000366, 0.0, 0.11999899999999997, 34.68, 34.799999, 4-5-2007
0.38095238095238093, 0.7368421052631579,0.2999989999999997, 0.11999899999999997, 0.010002000000000066, -0.3300010000000029, 34.799999, 34.48, 4-6-2007
0.0, 0.5833333333333334,0.40000100000000316, -0.3300010000000029, -0.1300019999999975, 0.060001999999997224, 34.48, 34.41, 4-7-2007
0.125, 0.6744186046511628,0.35000300000000095, 0.060001999999997224, 0.18999800000000278, -0.12999699999999592, 34.41, 34.470001, 4-8-2007
0.2222222222222222, 0.59375,0.41999799999999965, -0.12999699999999592, 0.07999799999999624, 0.35000300000000095, 34.470001, 34.900002, 4-9-2007
0.2857142857142857, 0.6818181818181818,0.4599990000000034, 0.35000300000000095, -0.05000400000000127, -0.2899969999999996, 34.900002, 34.560001, 4-10-2007
0.21875, 0.6224489795918368,0.4700020000000009, -0.2899969999999996, 0.0, -0.15999899999999911, 34.560001, 34.400002, 4-11-2007
0.3076923076923077, 0.5398230088495575,0.3300010000000029, -0.15999899999999911, -0.09000100000000089, 0.0200010000000006, 34.400002, 34.330002, 4-12-2007
0.3793103448275862, 0.574468085106383,0.3400009999999938, 0.0200010000000006, 0.6699979999999996, -0.4500010000000003, 34.330002, 34.549999, 4-13-2007
0.3333333333333333, 0.620253164556962,0.7199969999999993, -0.4500010000000003, 0.0, -0.20999899999999627, 34.549999, 34.34, 4-14-2007
0.4, 0.5416666666666666,0.24000099999999946, -0.20999899999999627, 0.1599999999999966, -0.36999899999999997, 34.34, 34.130001, 4-15-2007
0.391304347826087, 0.7115384615384616,0.7700009999999935, -0.36999899999999997, 0.20000100000000032, 0.23999799999999993, 34.130001, 34.57, 4-16-2007
0.8571428571428571, 0.75,0.5299989999999966, 0.23999799999999993, 0.5, -0.5200010000000006, 34.57, 34.549999, 4-17-2007
0.5, 0.7,0.7200010000000034, -0.5200010000000006, -0.4799989999999994, 0.4799989999999994, 34.549999, 34.549999, 4-18-2007
0.2857142857142857, 0.7564102564102564,0.6500020000000006, 0.4799989999999994, 0.010002000000000066, -0.21000300000000038, 34.549999, 34.349998, 4-19-2007
0.6666666666666666, 0.717948717948718,0.27999899999999656, 0.04000100000000373, 0.0, 0.1100009999999969, 34.389999, 34.5, 5-1-2007
0.36666666666666664, 0.6504854368932039,0.5499989999999997, 0.1100009999999969, 0.04000099999999662, -0.19000299999999726, 34.5, 34.349998, 5-2-2007
0.18181818181818182, 0.5151515151515151,0.379997000000003, -0.19000299999999726, 0.1300019999999975, 0.010002000000000066, 34.349998, 34.490002, 5-3-2007
0.2857142857142857, 0.7532467532467533,0.26000200000000007, 0.010002000000000066, 0.01999600000000612, 0.1100009999999969, 34.490002, 34.619999, 5-4-2007
0.25, 0.6388888888888888,0.3399999999999963, 0.1100009999999969, -0.05999800000000022, 0.07000000000000028, 34.619999, 34.630001, 5-5-2007
0.35, 0.7410714285714286,0.25999800000000306, 0.07000000000000028, -0.030003000000000668, 0.21000300000000038, 34.630001, 34.810001, 5-6-2007
0.2727272727272727, 0.7580645161290323,0.36000000000000654, 0.21000300000000038, -0.010002000000000066, -0.39999699999999905, 34.810001, 34.400002, 5-7-2007
0.09090909090909091, 0.6111111111111112,0.41999799999999965, -0.39999699999999905, 0.09999799999999937, 0.1599999999999966, 34.400002, 34.66, 5-8-2007
0.20833333333333334, 0.6037735849056604,0.22999999999999687, 0.1599999999999966, -0.020000999999993496, -0.2299990000000065, 34.66, 34.41, 5-9-2007
0.44, 0.711340206185567,0.39999700000000615, -0.2299990000000065, 0.13000100000000003, 0.0, 34.41, 34.540001, 5-10-2007
0.5555555555555556, 0.7901234567901234,0.2899969999999996, 0.0, 0.14999800000000363, -0.1099969999999999, 34.540001, 34.580002, 5-11-2007
0.2631578947368421, 0.6917293233082706,0.34999800000000647, -0.1099969999999999, 0.0, -0.04000100000000373, 34.580002, 34.540001, 5-12-2007
0.2727272727272727, 0.75,0.18999900000000025, -0.04000100000000373, 0.12999700000000303, 0.1100009999999969, 34.540001, 34.779999, 5-13-2007
0.29411764705882354, 0.6274509803921569,0.33000200000000035, 0.1100009999999969, 0.09000000000000341, -0.2899969999999996, 34.779999, 34.580002, 5-14-2007
0.42857142857142855, 0.7717391304347826,0.3200000000000003, -0.2899969999999996, -0.030003000000000668, -0.13000100000000003, 34.580002, 34.419998, 5-15-2007
0.3488372093023256, 0.6239316239316239,0.2899969999999996, -0.13000100000000003, 0.030003000000000668, -0.08000200000000035, 34.419998, 34.369999, 5-16-2007
0.48, 0.6949152542372882,0.25, -0.08000200000000035, 0.33000200000000035, -0.5200010000000006, 34.369999, 34.18, 5-17-2007
0.6071428571428571, 0.7355371900826446,0.740002000000004, -0.5200010000000006, 0.07000000000000028, 0.1399990000000031, 34.18, 34.389999, 5-18-2007
0.5714285714285714, 0.7058823529411765,0.20000100000000032, 0.1399990000000031, 0.08000200000000035, 0.0, 34.389999, 34.470001, 5-19-2007
0.25, 0.6710526315789473,0.1800009999999972, 0.0, 0.00999899999999343, 0.2299990000000065, 34.470001, 34.709999, 5-20-2007
0.4090909090909091, 0.7204301075268817,0.3400000000000034, 0.2299990000000065, 0.04999899999999968, -0.1799960000000027, 34.709999, 34.580002, 5-21-2007
0.25, 0.7333333333333333,0.25, 0.030003000000000668, -0.08000200000000035, -0.04000099999999662, 34.630001, 34.509998, 6-1-2007
0.5, 0.6451612903225806,0.25, -0.04000099999999662, -0.00999800000000306, 0.0, 34.509998, 34.5, 6-2-2007
0.631578947368421, 0.6458333333333334,0.2900009999999966, 0.0, -0.06000099999999975, -0.1299980000000005, 34.5, 34.310001, 6-3-2007
0.1111111111111111, 0.5869565217391305,0.29000000000000625, -0.1299980000000005, -0.010002000000000066, -0.2700000000000031, 34.310001, 34.029999, 6-4-2007
0.6, 0.6491228070175439,0.5, -0.2700000000000031, 0.09000000000000341, 0.09000000000000341, 34.029999, 34.209999, 6-5-2007
0.4666666666666667, 0.7540983606557377,0.3400000000000034, 0.09000000000000341, -0.00999800000000306, 0.09999799999999937, 34.209999, 34.299999, 6-6-2007
0.42857142857142855, 0.5862068965517241,0.29000100000000373, 0.09999799999999937, -0.1599999999999966, -0.29000100000000373, 34.299999, 33.849998, 6-7-2007
0.3, 0.851063829787234,0.40000200000000063, -0.29000100000000373, 0.15000200000000063, 0.15000200000000063, 33.849998, 34.150002, 6-8-2007
0.43478260869565216, 0.7051282051282052,0.5200009999999935, 0.15000200000000063, -0.04000100000000373, -0.17000199999999666, 34.150002, 33.939999, 6-9-2007
0.13333333333333333, 0.6987951807228916,0.3200000000000003, -0.17000199999999666, 0.17000199999999666, 0.00999800000000306, 33.939999, 34.119999, 6-10-2007
0.3333333333333333, 0.6829268292682927,0.20999900000000338, 0.00999800000000306, 0.10000200000000348, -0.020000000000003126, 34.119999, 34.200001, 6-11-2007
0.7, 0.7959183673469388,0.18999899999999315, -0.020000000000003126, -0.10000300000000095, 0.29000100000000373, 34.200001, 34.389999, 6-12-2007
0.6666666666666666, 0.7333333333333333,0.35999999999999943, 0.29000100000000373, 0.020000999999993496, -0.4500009999999932, 34.389999, 33.959999, 6-13-2007
0.3333333333333333, 0.7954545454545454,0.5100020000000001, -0.4500009999999932, -0.11000100000000401, -0.04999899999999968, 33.959999, 33.799999, 6-14-2007
0.2, 0.6,0.2999989999999997, -0.04999899999999968, 0.1100009999999969, -0.49000199999999694, 33.799999, 33.419998, 6-15-2007
0.0, 0.625,0.5299989999999966, -0.49000199999999694, 0.050003000000003794, -0.08000200000000035, 33.419998, 33.389999, 6-16-2007
0.16666666666666666, 0.6296296296296297,0.5400009999999966, -0.08000200000000035, 0.20999899999999627, -0.09999799999999937, 33.389999, 33.5, 6-17-2007
0.0, 0.5652173913043478,0.32999799999999624, -0.09999799999999937, -0.4500010000000003, 0.33000200000000035, 33.5, 33.380001, 6-18-2007
0.1111111111111111, 0.56,0.6099969999999999, 0.33000200000000035, 0.5900000000000034, -0.7700000000000031, 33.380001, 33.200001, 6-19-2007
0.2222222222222222, 0.6415094339622641,0.9700010000000034, -0.7700000000000031, 0.0, -0.25, 33.200001, 32.950001, 6-20-2007
0.3, 0.7205882352941176,0.23999799999999993, 0.09000100000000089, 0.020000000000003126, 0.2900009999999966, 33.189999, 33.5, 7-1-2007
0.3888888888888889, 0.7777777777777778,0.3600009999999969, 0.2900009999999966, -0.08000200000000035, -0.039996999999999616, 33.5, 33.380001, 7-2-2007
0.42857142857142855, 0.8,0.1800009999999972, -0.039996999999999616, -0.07000000000000028, 0.07999800000000334, 33.380001, 33.389999, 7-3-2007
0.16666666666666666, 0.7608695652173914,0.27999899999999656, 0.07999800000000334, -0.14999700000000615, 0.10999600000000243, 33.389999, 33.349998, 7-4-2007
0.2, 0.7115384615384616,0.23999799999999993, 0.10999600000000243, -0.2299989999999994, -0.27999899999999656, 33.349998, 32.84, 7-5-2007
0.2, 0.582089552238806,0.39000000000000057, -0.27999899999999656, 0.13999999999999346, -0.25, 32.84, 32.73, 7-6-2007
0.29411764705882354, 0.64,0.5999980000000065, -0.25, 0.1399990000000031, 0.26000200000000007, 32.73, 33.130001, 7-7-2007
0.25, 0.45,0.4099990000000062, 0.26000200000000007, -0.6900019999999998, 0.7400009999999995, 33.130001, 33.18, 7-8-2007
0.5, 0.7906976744186046,0.8700019999999995, 0.7400009999999995, 0.0200010000000006, 0.0, 33.18, 33.200001, 7-9-2007
0.2727272727272727, 0.6170212765957447,0.4300009999999972, 0.0, -0.4300009999999972, 0.09999899999999684, 33.200001, 32.869999, 7-10-2007
0.2608695652173913, 0.5074626865671642,0.4300009999999972, 0.09999899999999684, -0.34999899999999684, -0.04000000000000625, 32.869999, 32.48, 7-11-2007
0.2972972972972973, 0.594059405940594,0.7000010000000003, -0.04000000000000625, 0.020000000000003126, -0.16999799999999965, 32.48, 32.330002, 7-12-2007
0.21428571428571427, 0.675,0.5300020000000032, -0.16999799999999965, 0.5700000000000003, -1.010003000000001, 32.330002, 31.889999, 7-13-2007
0.6, 0.7916666666666666,1.1100010000000005, -1.010003000000001, 0.15000199999999708, -0.2900009999999966, 31.889999, 31.75, 7-14-2007
0.42857142857142855, 0.5555555555555556,0.8099970000000027, -0.2900009999999966, -0.14999999999999858, -0.7000000000000028, 31.75, 30.9, 7-15-2007
0.5555555555555556, 0.9230769230769231,0.8600010000000005, -0.7000000000000028, 0.30999900000000125, -0.07000000000000028, 30.9, 31.139999, 7-16-2007
0.6, 0.6428571428571429,0.5299980000000026, -0.07000000000000028, 0.6900009999999988, -1.3700009999999985, 31.139999, 30.459999, 7-17-2007
0.08333333333333333, 0.6470588235294118,1.7000010000000003, -1.3700009999999985, -0.04999899999999968, -0.4200000000000017, 30.459999, 29.99, 7-18-2007
0.25, 0.7619047619047619,1.0399990000000017, -0.4200000000000017, 0.11000000000000298, 0.4599989999999998, 29.99, 30.559999, 7-19-2007
0.25, 0.43478260869565216,1.350000999999999, 0.4599989999999998, 0.2800009999999986, -0.8899989999999995, 30.559999, 29.950001, 7-20-2007
0.0, 0.4166666666666667,1.4899999999999984, 0.5599999999999987, -0.08000000000000185, 0.0, 30.48, 30.4, 8-1-2007
0.4166666666666667, 0.6216216216216216,0.6000009999999989, 0.0, 0.0, -1.139999999999997, 30.4, 29.26, 8-2-2007
0.5555555555555556, 0.7777777777777778,1.3099990000000012, -1.139999999999997, 0.1800009999999972, 1.6799999999999997, 29.26, 31.120001, 8-3-2007
0.5, 0.6129032258064516,1.9600009999999983, 1.6799999999999997, -0.12000099999999847, 0.23999999999999844, 31.120001, 31.24, 8-4-2007
0.25, 0.5666666666666667,1.2099989999999998, 0.23999999999999844, -0.4799999999999969, 0.23999999999999844, 31.24, 31.0, 8-5-2007
0.0, 0.6086956521739131,1.9000000000000021, 0.23999999999999844, -1.25, 0.12999900000000153, 31.0, 29.879999, 8-6-2007
0.3333333333333333, 0.4642857142857143,1.2699999999999996, 0.12999900000000153, -0.1399990000000031, 0.2199990000000014, 29.879999, 29.959999, 8-7-2007
0.8, 0.8461538461538461,1.3000010000000017, 0.2199990000000014, 0.4299999999999997, -0.5899999999999999, 29.959999, 29.799999, 8-8-2007
0.5263157894736842, 0.7096774193548387,0.7800009999999986, -0.5899999999999999, -0.04999899999999968, -0.20000100000000032, 29.799999, 29.549999, 8-9-2007
0.125, 0.47619047619047616,0.6799999999999997, -0.20000100000000032, -0.09999799999999937, 0.2299989999999994, 29.549999, 29.68, 8-10-2007
0.3333333333333333, 0.5333333333333333,1.25, 0.2299989999999994, -0.13999899999999954, 1.8899989999999995, 29.68, 31.43, 8-11-2007
0.3333333333333333, 0.5789473684210527,2.539998999999998, 1.8899989999999995, 1.0700000000000003, 0.31000099999999975, 31.43, 32.810001, 8-12-2007
0.3076923076923077, 0.5294117647058824,1.4599999999999937, 0.31000099999999975, 0.43999900000000025, -0.6399990000000031, 32.810001, 32.610001, 8-13-2007
0.0, 0.6,1.2299999999999969, -0.6399990000000031, 0.15999900000000622, -0.09000000000000341, 32.610001, 32.68, 8-14-2007
0.6666666666666666, 0.7391304347826086,0.6099999999999994, -0.09000000000000341, 0.29000100000000373, 0.0, 32.68, 32.970001, 8-15-2007
0.25, 0.6363636363636364,0.7800030000000007, 0.0, 0.20999899999999627, -0.36999899999999997, 32.970001, 32.810001, 8-16-2007
0.0, 0.5625,0.4799989999999994, -0.36999899999999997, -0.17999999999999972, 0.41999799999999965, 32.810001, 33.049999, 8-17-2007
0.15789473684210525, 0.56,0.4599990000000034, 0.41999799999999965, -0.1399990000000031, -0.060001999999997224, 33.049999, 32.849998, 8-18-2007
0.15384615384615385, 0.5925925925925926,0.36999899999999997, -0.060001999999997224, -0.15999899999999911, -0.8900000000000006, 32.849998, 31.799999, 8-19-2007
0.5, 0.5625,1.0399989999999981, -0.8900000000000006, 0.15000200000000063, 0.35999999999999943, 31.799999, 32.310001, 8-20-2007
0.25, 0.6296296296296297,0.7500019999999985, 0.35999999999999943, -0.1200019999999995, 0.0, 32.310001, 32.189999, 8-21-2007
0.25, 0.65,0.6700020000000002, 0.0, 0.4099989999999991, -0.25, 32.189999, 32.349998, 8-22-2007
0.0, 0.5555555555555556,0.4899999999999949, -0.04999899999999968, -0.2900010000000002, -0.3200000000000003, 32.25, 31.639999, 9-1-2007
0.2222222222222222, 0.5714285714285714,0.6299990000000015, -0.3200000000000003, -0.2299989999999994, 0.41000000000000014, 31.639999, 31.82, 9-2-2007
0.3, 0.7272727272727273,0.6499990000000047, 0.41000000000000014, -0.3200000000000003, -0.040001000000000175, 31.82, 31.459999, 9-3-2007
0.25, 0.5769230769230769,0.6699999999999982, -0.040001000000000175, 0.06000099999999975, -0.19000000000000128, 31.459999, 31.33, 9-4-2007
0.2222222222222222, 0.5416666666666666,0.6700000000000017, -0.19000000000000128, 0.010000000000001563, 0.36000100000000046, 31.33, 31.700001, 9-5-2007
0.5, 0.7619047619047619,0.6100010000000005, 0.36000100000000046, -0.030000999999998612, 0.16999999999999815, 31.700001, 31.84, 9-6-2007
0.2857142857142857, 0.7058823529411765,0.6000000000000014, 0.16999999999999815, 0.36000100000000046, 0.0, 31.84, 32.200001, 9-7-2007
0.14285714285714285, 0.5483870967741935,0.27999899999999656, 0.0, -0.20000100000000032, 0.2700000000000031, 32.200001, 32.27, 9-8-2007
0.18181818181818182, 0.5675675675675675,0.43000200000000177, 0.2700000000000031, -0.06000099999999975, 0.08000199999999325, 32.27, 32.290001, 9-9-2007
0.2222222222222222, 0.5789473684210527,0.29000100000000373, 0.08000199999999325, -0.030002999999993563, 1.360000999999997, 32.290001, 33.619999, 9-10-2007
0.3333333333333333, 0.6153846153846154,1.6599999999999966, 1.360000999999997, 0.08000200000000035, 0.27999899999999656, 33.619999, 33.98, 9-11-2007
0.6666666666666666, 0.6,0.5599970000000027, 0.27999899999999656, -0.04999999999999716, -0.5499989999999997, 33.98, 33.380001, 9-12-2007
0.2, 0.5294117647058824,0.8299980000000033, -0.5499989999999997, -0.21000300000000038, -0.07000000000000028, 33.380001, 33.099998, 9-13-2007
0.16666666666666666, 0.8703703703703703,1.0200000000000031, -0.07000000000000028, -0.05999700000000274, -0.12000299999999697, 33.099998, 32.919998, 9-14-2007
0.05263157894736842, 0.5692307692307692,0.38000100000000003, -0.12000299999999697, -0.20999899999999627, 0.15000199999999353, 32.919998, 32.860001, 9-15-2007
0.25, 0.6470588235294118,0.5499999999999972, 0.15000199999999353, -0.1800009999999972, -0.35999999999999943, 32.860001, 32.32, 9-16-2007
0.2, 0.45454545454545453,0.6199980000000025, -0.35999999999999943, 0.17000199999999666, 0.2299990000000065, 32.32, 32.720001, 9-17-2007
0.25, 0.6538461538461539,0.36999899999999997, 0.2299990000000065, -0.010002000000000066, -0.18000000000000682, 32.720001, 32.529999, 9-18-2007
0.15151515151515152, 0.5927835051546392,1.140003, 0.8300020000000004, 0.06999999999999318, 0.1399990000000031, 33.34, 33.549999, 10-1-2007
0.24444444444444444, 0.6144578313253012,0.3700030000000041, 0.1399990000000031, -0.0899999999999963, 0.030002999999993563, 33.549999, 33.490002, 10-2-2007
0.3695652173913043, 0.7123287671232876,0.4599990000000034, 0.030002999999993563, 0.00999800000000306, 0.0, 33.490002, 33.5, 10-3-2007
0.3888888888888889, 0.6569767441860465,0.3899990000000031, 0.0, 0.13000100000000003, 0.07999800000000334, 33.5, 33.709999, 10-4-2007
0.2857142857142857, 0.7104072398190046,0.4300009999999972, 0.07999800000000334, 0.28000299999999356, -0.5600019999999972, 33.709999, 33.43, 10-5-2007
0.22033898305084745, 0.7160493827160493,0.7799979999999991, -0.5600019999999972, 0.09999899999999684, -0.05999799999999311, 33.43, 33.470001, 10-6-2007
0.3157894736842105, 0.680672268907563,0.5800020000000004, -0.05999799999999311, -0.050003000000003794, -0.3899990000000031, 33.470001, 33.029999, 10-7-2007
0.4117647058823529, 0.7370689655172413,0.5700000000000003, -0.3899990000000031, 0.3700030000000041, -0.5900010000000009, 33.029999, 32.810001, 10-8-2007
0.38823529411764707, 0.6776859504132231,0.8100019999999972, -0.5900010000000009, -0.1400030000000001, 0.21000300000000038, 32.810001, 32.880001, 10-9-2007
0.36363636363636365, 0.7440944881889764,0.5500030000000038, 0.21000300000000038, 0.21999699999999933, -0.5899999999999963, 32.880001, 32.509998, 10-10-2007
0.21568627450980393, 0.676829268292683,0.8099970000000027, -0.5899999999999963, 0.2200019999999938, -0.3800019999999975, 32.509998, 32.349998, 10-11-2007
0.0967741935483871, 0.5771428571428572,0.9000020000000006, -0.3800019999999975, 0.20000100000000032, 0.04999899999999968, 32.349998, 32.599998, 10-12-2007
0.35185185185185186, 0.688,0.7200009999999963, 0.04999899999999968, -0.23999700000000246, -0.20000100000000032, 32.599998, 32.16, 10-13-2007
0.2127659574468085, 0.6845637583892618,0.6500009999999996, -0.20000100000000032, -0.1599999999999966, -0.7300000000000004, 32.16, 31.27, 10-14-2007
0.36065573770491804, 0.6825396825396826,1.2600020000000036, -0.7300000000000004, -0.1999999999999993, 0.4299999999999997, 31.27, 31.5, 10-15-2007
0.2830188679245283, 0.6858974358974359,0.8300000000000018, 0.4299999999999997, 0.20000100000000032, 0.0, 31.5, 31.700001, 10-16-2007
0.40540540540540543, 0.6538461538461539,0.5400010000000002, 0.0, -0.21000100000000188, -0.030000999999998612, 31.700001, 31.459999, 10-17-2007
0.35, 0.6894409937888198,0.6900009999999988, -0.030000999999998612, -0.04999899999999968, 0.13000100000000003, 31.459999, 31.540001, 10-18-2007
0.22641509433962265, 0.6473684210526316,0.740000000000002, 0.13000100000000003, 0.6600000000000001, 0.17999999999999972, 31.540001, 32.380001, 10-19-2007
0.4, 0.717391304347826,1.0599999999999952, 0.17999999999999972, 0.17999999999999972, -0.05000299999999669, 32.380001, 32.509998, 10-20-2007
0.2631578947368421, 0.6666666666666666,0.44000299999999726, -0.05000299999999669, 0.0, 0.19000299999999726, 32.509998, 32.700001, 10-21-2007
0.5333333333333333, 0.6916666666666667,0.4799999999999969, 0.19000299999999726, 0.2299989999999994, 0.22999999999999687, 32.700001, 33.16, 10-22-2007
0.42857142857142855, 0.41935483870967744,1.1399989999999995, -0.7100010000000019, 0.059999000000001246, -0.4500010000000003, 31.690001, 31.299999, 11-1-2007
0.4, 0.7105263157894737,0.8599999999999994, -0.4500010000000003, -0.35999800000000093, 0.2999989999999997, 31.299999, 31.24, 11-2-2007
0.2, 0.7027027027027027,0.880001, 0.2999989999999997, -0.02000099999999705, 0.6200009999999985, 31.24, 31.84, 11-3-2007
0.2, 0.56,0.859999000000002, 0.6200009999999985, -0.2900010000000002, -1.0399989999999981, 31.84, 30.51, 11-4-2007
0.18181818181818182, 0.42857142857142855,1.0899999999999999, -1.0399989999999981, 0.08999999999999986, 0.6499999999999986, 30.51, 31.25, 11-5-2007
0.2, 0.6666666666666666,1.0700000000000003, 0.6499999999999986, -0.4599989999999998, 0.12999900000000153, 31.25, 30.92, 11-6-2007
0.3333333333333333, 0.6285714285714286,1.25, 0.12999900000000153, -0.11000100000000046, 0.4300009999999972, 30.92, 31.24, 11-7-2007
0.36363636363636365, 0.75,1.7200010000000034, 0.4300009999999972, 0.20000100000000032, 0.9999980000000015, 31.24, 32.439999, 11-8-2007
0.15384615384615385, 0.5454545454545454,1.0399989999999981, 0.9999980000000015, 0.13000100000000003, -0.22000200000000092, 32.439999, 32.349998, 11-9-2007
0.2727272727272727, 0.725,1.009998000000003, -0.22000200000000092, -0.139998999999996, -0.609999000000002, 32.349998, 31.6, 11-10-2007
0.3333333333333333, 0.7916666666666666,1.5599999999999952, -0.609999000000002, 0.2799990000000001, -0.4499990000000018, 31.6, 31.43, 11-11-2007
0.0, 0.5714285714285714,1.020002999999999, -0.4499990000000018, -0.259999999999998, -0.21000100000000188, 31.43, 30.959999, 11-12-2007
0.4166666666666667, 0.7666666666666667,1.2199990000000014, -0.21000100000000188, 0.11000100000000046, -0.1000009999999989, 30.959999, 30.969999, 11-13-2007
0.4444444444444444, 0.72,1.4400009999999988, -0.1000009999999989, -0.3199990000000028, -0.16000000000000014, 30.969999, 30.49, 11-14-2007
0.0, 0.7083333333333334,1.0200010000000006, -0.16000000000000014, 0.26000000000000156, 0.4599989999999998, 30.49, 31.209999, 11-15-2007
0.45454545454545453, 0.7096774193548387,0.740000000000002, 0.4599989999999998, 0.06000099999999975, -0.7699999999999996, 31.209999, 30.5, 11-16-2007
0.4117647058823529, 0.5740740740740741,0.7699999999999996, -0.7699999999999996, 0.17999999999999972, 0.37999900000000153, 30.5, 31.059999, 11-17-2007
0.3333333333333333, 0.7857142857142857,0.8300000000000018, 0.37999900000000153, 0.17000099999999918, 1.360000000000003, 31.059999, 32.59, 11-18-2007
0.3, 0.6571428571428571,1.7899989999999981, 1.360000000000003, -0.09000000000000341, 0.1599999999999966, 32.59, 32.66, 11-19-2007
0.1, 0.6216216216216216,0.7899969999999996, 0.1599999999999966, 0.7799990000000037, -0.34999899999999684, 32.66, 33.09, 11-20-2007
0.16666666666666666, 0.746031746031746,0.6800009999999972, -0.3200000000000003, -0.17000199999999666, -0.2899969999999996, 32.93, 32.470001, 12-1-2007
0.375, 0.6060606060606061,0.5299979999999991, -0.2899969999999996, 0.23999799999999993, -0.07000000000000028, 32.470001, 32.639999, 12-2-2007
0.0, 0.6666666666666666,0.8299979999999962, -0.07000000000000028, -0.00999800000000306, 0.5099980000000031, 32.639999, 33.139999, 12-3-2007
0.4, 0.7857142857142857,0.8000040000000013, 0.5099980000000031, 0.0, -0.2799980000000062, 33.139999, 32.860001, 12-4-2007
0.3333333333333333, 0.6486486486486487,0.7400019999999969, -0.2799980000000062, 0.15999900000000622, 0.5600019999999972, 32.860001, 33.580002, 12-5-2007
0.14285714285714285, 0.5121951219512195,0.8499989999999968, 0.5600019999999972, 0.34999799999999937, -1.0800020000000004, 33.580002, 32.849998, 12-6-2007
0.38461538461538464, 0.5757575757575758,1.2999989999999997, -1.0800020000000004, 0.8000040000000013, -0.4500010000000003, 32.849998, 33.200001, 12-7-2007
0.3333333333333333, 0.6470588235294118,1.6899990000000003, -0.4500010000000003, -0.22999999999999687, 0.25, 33.200001, 33.220001, 12-8-2007
0.3076923076923077, 0.5681818181818182,0.869999, 0.25, -0.06999900000000281, -0.4700020000000009, 33.220001, 32.68, 12-9-2007
0.3333333333333333, 0.5833333333333334,0.8499979999999994, -0.4700020000000009, -0.739999000000001, -0.1300019999999975, 32.68, 31.809999, 12-10-2007
0.2857142857142857, 0.6170212765957447,0.729999000000003, -0.1300019999999975, 0.2899989999999981, -0.4799970000000009, 31.809999, 31.620001, 12-11-2007
0.2, 0.5454545454545454,1.4000020000000006, -0.4799970000000009, 0.07000000000000028, -0.1000009999999989, 31.620001, 31.59, 12-12-2007
0.3333333333333333, 0.6060606060606061,0.7199990000000014, -0.1000009999999989, 0.2800009999999986, -0.27000099999999705, 31.59, 31.6, 12-13-2007
0.0, 0.52,0.8099990000000012, -0.27000099999999705, 0.3099999999999987, 0.3699989999999964, 31.6, 32.279999, 12-14-2007
0.5555555555555556, 0.6296296296296297,0.7199999999999989, 0.3699989999999964, 0.030002000000003193, 0.22999999999999687, 32.279999, 32.540001, 12-15-2007
0.16666666666666666, 0.48148148148148145,0.5, 0.22999999999999687, 0.05999700000000274, -0.05999700000000274, 32.540001, 32.540001, 12-16-2007
0.26666666666666666, 0.6190476190476191,0.4099990000000062, -0.05999700000000274, -0.6699999999999982, -0.27000099999999705, 32.540001, 31.6, 12-17-2007
0.5555555555555556, 0.72,0.6800010000000007, -0.27000099999999705, 0.3200000000000003, -0.11000100000000046, 31.6, 31.809999, 12-18-2007
0.21428571428571427, 0.6956521739130435,0.48999999999999844, -0.11000100000000046, -0.03999900000000167, -0.030000000000001137, 31.809999, 31.74, 12-19-2007
0.6666666666666666, 0.75,1.0599969999999992, -0.6100010000000005, 0.16000000000000014, -1.0100000000000016, 31.18, 30.33, 1-1-2008
0.25, 0.5952380952380952,1.130001, -1.0100000000000016, -0.20999899999999982, -0.6799999999999997, 30.33, 29.440001, 1-2-2008
0.16666666666666666, 0.5526315789473685,0.8200019999999988, -0.6799999999999997, 0.22999900000000295, 0.03999899999999812, 29.440001, 29.709999, 1-3-2008
0.0, 0.5555555555555556,0.869999, 0.03999899999999812, 0.21000100000000188, -1.479999000000003, 29.709999, 28.440001, 1-4-2008
0.18181818181818182, 0.6363636363636364,1.6000000000000014, -1.479999000000003, -0.040001000000000175, 0.620000000000001, 28.440001, 29.02, 1-5-2008
0.3, 0.6875,1.1599989999999991, 0.620000000000001, -0.1999999999999993, 1.149999000000001, 29.02, 29.969999, 1-6-2008
0.5, 0.5263157894736842,2.0799999999999983, 1.149999000000001, -0.2199990000000014, 0.10000000000000142, 29.969999, 29.85, 1-7-2008
0.2, 0.6190476190476191,1.2800009999999986, 0.10000000000000142, 0.29999999999999716, 0.1700000000000017, 29.85, 30.32, 1-8-2008
0.1111111111111111, 0.696969696969697,1.0100000000000016, 0.1700000000000017, -0.46999999999999886, 0.5700000000000003, 30.32, 30.42, 1-9-2008
0.2727272727272727, 0.5,1.1899990000000003, 0.5700000000000003, -0.09000000000000341, 0.7100010000000019, 30.42, 31.040001, 1-10-2008
0.5, 0.5714285714285714,1.3200019999999988, 0.7100010000000019, 0.25, -1.0700019999999988, 31.040001, 30.219999, 1-11-2008
0.2727272727272727, 0.6,1.4000000000000021, -1.0700019999999988, 0.27000099999999705, -0.2999989999999997, 30.219999, 30.190001, 1-12-2008
0.3333333333333333, 0.8125,1.4699990000000014, -0.2999989999999997, -1.1900009999999988, 1.6900009999999988, 30.190001, 30.690001, 1-13-2008
0.0, 0.375,2.59, 1.6900009999999988, -0.5300009999999986, 2.540001, 30.690001, 32.700001, 1-14-2008
0.3333333333333333, 0.6086956521739131,3.7000010000000003, 2.540001, 0.2299989999999994, 0.5099990000000005, 32.700001, 33.439999, 1-15-2008
0.06666666666666667, 0.45161290322580644,1.25, 0.5099990000000005, 0.2700000000000031, -0.75, 33.439999, 32.959999, 1-16-2008
0.4666666666666667, 0.7073170731707317,1.5, -0.75, -0.020000000000003126, 0.6900019999999998, 32.959999, 33.630001, 1-17-2008
0.05263157894736842, 0.34146341463414637,1.25, 0.6900019999999998, 0.14999799999999652, 0.1399990000000031, 33.630001, 33.919998, 1-18-2008
0.13043478260869565, 0.5,0.8399999999999963, 0.1399990000000031, -0.07999799999999624, -0.25, 33.919998, 33.59, 1-19-2008
0.08333333333333333, 0.46875,1.130001, -0.25, -0.4599990000000034, 0.4599990000000034, 33.59, 33.59, 1-20-2008
0.5, 0.625,0.8099970000000027, -0.029998999999996556, -0.2999989999999997, -0.6700020000000038, 34.0, 33.029999, 2-1-2008
0.2, 0.4772727272727273,0.7999989999999997, -0.6700020000000038, -0.619999, -0.34999899999999684, 33.029999, 32.060001, 2-2-2008
0.36363636363636365, 0.6578947368421053,0.6599999999999966, -0.34999899999999684, 0.27999900000000366, -0.25, 32.060001, 32.09, 2-3-2008
0.19047619047619047, 0.5238095238095238,0.7299970000000009, -0.25, -0.240000000000002, 0.7699989999999985, 32.09, 32.619999, 2-4-2008
0.15384615384615385, 0.4074074074074074,1.0800000000000018, 0.7699989999999985, -0.14999799999999652, -0.13000100000000003, 32.619999, 32.34, 2-5-2008
0.2777777777777778, 0.575,0.890000999999998, -0.13000100000000003, -0.060001000000006854, -0.18999899999999315, 32.34, 32.09, 2-6-2008
0.25, 0.5652173913043478,0.6899989999999967, -0.18999899999999315, 0.25999799999999595, 0.35000300000000095, 32.09, 32.700001, 2-7-2008
0.0, 0.375,0.8600000000000065, 0.35000300000000095, 0.18999800000000278, 0.04999999999999716, 32.700001, 32.939999, 2-8-2008
0.25, 0.6086956521739131,0.6699979999999996, 0.04999999999999716, -0.04999999999999716, -0.45000000000000284, 32.939999, 32.439999, 2-9-2008
0.16666666666666666, 0.48,0.75, -0.45000000000000284, -0.14999800000000363, 0.3899990000000031, 32.439999, 32.68, 2-10-2008
0.09090909090909091, 0.525,0.8100009999999997, 0.3899990000000031, 0.18999900000000025, -0.4599990000000034, 32.68, 32.41, 2-11-2008
0.125, 0.5714285714285714,1.0999989999999968, -0.4599990000000034, -0.25999799999999595, 0.5499989999999997, 32.41, 32.700001, 2-12-2008
0.16666666666666666, 0.4827586206896552,0.880001, 0.5499989999999997, 0.16999799999999965, -0.6499979999999965, 32.700001, 32.220001, 2-13-2008
0.3333333333333333, 0.6666666666666666,0.7700009999999935, -0.6499979999999965, 0.06999999999999318, 0.619999, 32.220001, 32.91, 2-14-2008
0.2, 0.5,1.2900010000000002, 0.619999, -0.04000099999999662, 0.19000199999999978, 32.91, 33.060001, 2-15-2008
0.0, 0.3333333333333333,0.9799999999999969, 0.19000199999999978, -0.10000199999999637, 0.2900009999999966, 33.060001, 33.25, 2-16-2008
0.18181818181818182, 0.5555555555555556,0.9100000000000037, 0.2900009999999966, -0.25, 0.4799999999999969, 33.25, 33.48, 2-17-2008
0.16666666666666666, 0.5517241379310345,0.9099990000000062, 0.4799999999999969, -0.25, -0.4099999999999966, 33.48, 32.82, 2-18-2008
0.26666666666666666, 0.6341463414634146,1.009998000000003, -0.4099999999999966, -0.29999999999999716, -0.5, 32.82, 32.02, 2-19-2008
0.0, 0.7037037037037037,0.9099999999999966, -0.06999900000000281, -0.36000100000000046, 0.23999999999999844, 31.950001, 31.83, 3-1-2008
0.09090909090909091, 0.5806451612903226,0.7800009999999986, 0.23999999999999844, 0.19999899999999826, -0.24999799999999794, 31.83, 31.780001, 3-2-2008
0.16666666666666666, 0.5918367346938775,1.0699990000000028, -0.24999799999999794, -0.1100009999999969, -0.5700000000000003, 31.780001, 31.1, 3-3-2008
0.16666666666666666, 0.6571428571428571,0.7099989999999998, -0.5700000000000003, -0.19000000000000128, -0.030000999999998612, 31.1, 30.879999, 3-4-2008
0.2857142857142857, 0.5757575757575758,1.239999000000001, -0.030000999999998612, 0.08999999999999986, -0.37999900000000153, 30.879999, 30.59, 3-5-2008
0.08333333333333333, 0.5517241379310345,1.0100000000000016, -0.37999900000000153, 0.9200000000000017, 1.3399979999999978, 30.59, 32.849998, 3-6-2008
0.21428571428571427, 0.5882352941176471,1.750002000000002, 1.3399979999999978, 0.010002999999997542, -0.5400009999999966, 32.849998, 32.32, 3-7-2008
0.14285714285714285, 0.42857142857142855,1.3300020000000004, -0.5400009999999966, -0.43000100000000074, 0.7799990000000001, 32.32, 32.669998, 3-8-2008
0.2727272727272727, 0.43333333333333335,1.6299990000000015, 0.7799990000000001, 0.3000030000000038, -1.4000010000000032, 32.669998, 31.57, 3-9-2008
0.18181818181818182, 0.53125,1.9199979999999996, -1.4000010000000032, -1.369999, 2.389999000000003, 31.57, 32.59, 3-10-2008
0.0, 0.5454545454545454,2.669999999999998, 2.389999000000003, 0.24000199999999694, 0.8099970000000027, 32.59, 33.639999, 3-11-2008
0.4, 0.7619047619047619,1.3499979999999994, 0.8099970000000027, 0.36999899999999997, -1.0799980000000033, 33.639999, 32.93, 3-12-2008
0.14285714285714285, 0.6216216216216216,1.2899969999999996, -1.0799980000000033, 0.1100009999999969, 1.4799990000000065, 32.93, 34.52, 3-13-2008
0.5555555555555556, 0.5652173913043478,1.5700000000000003, 1.4799990000000065, 0.20999999999999375, -0.060001999999997224, 34.52, 34.669998, 3-14-2008
0.17647058823529413, 0.5517241379310345,0.5499989999999997, -0.060001999999997224, -0.11999899999999997, 0.26000200000000007, 34.669998, 34.810001, 3-15-2008
0.125, 0.8064516129032258,0.9200019999999967, 0.26000200000000007, -0.10999999999999943, -0.7999989999999997, 34.810001, 33.900002, 3-16-2008
0.2727272727272727, 0.5454545454545454,1.0300030000000007, -0.7999989999999997, 0.019995999999999015, -0.8399959999999993, 33.900002, 33.080002, 3-17-2008
0.125, 0.6774193548387096,1.139999000000003, -0.8399959999999993, 0.14999799999999652, -0.5700000000000003, 33.080002, 32.66, 3-18-2008
0.3333333333333333, 0.7,0.9700020000000009, -0.5700000000000003, -0.06999999999999318, -0.2299990000000065, 32.66, 32.360001, 3-19-2008
0.375, 0.4482758620689655,1.1500020000000006, 1.0499989999999997, -0.029998000000006186, -0.4199989999999971, 34.009998, 33.560001, 4-1-2008
0.3333333333333333, 0.65625,0.7399970000000025, -0.4199989999999971, -0.31000099999999975, 0.5600009999999997, 33.560001, 33.810001, 4-2-2008
0.25, 0.7391304347826086,0.6399990000000031, 0.5600009999999997, 0.009999000000000535, -0.619999, 33.810001, 33.200001, 4-3-2008
0.09090909090909091, 0.4642857142857143,0.8400010000000009, -0.619999, 0.30999700000000274, -0.30999700000000274, 33.200001, 33.200001, 4-4-2008
0.25, 0.5454545454545454,0.6899990000000003, -0.30999700000000274, -0.17000200000000376, -0.23999799999999993, 33.200001, 32.790001, 4-5-2008
0.0, 0.5238095238095238,0.5299990000000037, -0.23999799999999993, 0.07999800000000334, -0.41999799999999965, 32.790001, 32.450001, 4-6-2008
0.25, 0.41935483870967744,0.8400000000000034, -0.41999799999999965, -0.060001999999997224, 0.5600019999999972, 32.450001, 32.950001, 4-7-2008
0.14285714285714285, 0.6046511627906976,1.0900010000000009, 0.5600019999999972, -0.4599990000000034, 0.12999700000000303, 32.950001, 32.619999, 4-8-2008
0.4666666666666667, 0.6862745098039216,0.8099970000000027, 0.12999700000000303, -0.1399990000000031, -0.8099999999999952, 32.619999, 31.67, 4-9-2008
0.4666666666666667, 0.6382978723404256,1.129998999999998, -0.8099999999999952, 0.4899999999999949, 0.04999900000000679, 31.67, 32.209999, 4-10-2008
0.2222222222222222, 0.3,1.5499990000000032, 0.04999900000000679, 0.6500019999999935, 0.23999700000000246, 32.209999, 33.099998, 4-11-2008
0.0, 0.6111111111111112,0.649996999999999, 0.23999700000000246, -0.18999800000000278, 0.4500010000000003, 33.099998, 33.360001, 4-12-2008
0.2222222222222222, 0.6206896551724138,0.8499979999999994, 0.4500010000000003, 0.5, -0.29999999999999716, 33.360001, 33.560001, 4-13-2008
0.2727272727272727, 0.6296296296296297,0.8899990000000031, -0.29999999999999716, -0.1200019999999995, -0.16999899999999712, 33.560001, 33.27, 4-14-2008
0.0, 0.45,0.7399970000000025, -0.16999899999999712, 0.020000999999993496, 0.11000100000000401, 33.27, 33.400002, 4-15-2008
0.3333333333333333, 0.59375,0.7299999999999969, 0.11000100000000401, -0.010002999999997542, 0.029998999999996556, 33.400002, 33.419998, 4-16-2008
0.2857142857142857, 0.6585365853658537,0.5099980000000031, 0.029998999999996556, 0.010002000000000066, 1.0400010000000037, 33.419998, 34.470001, 4-17-2008
0.375, 0.6206896551724138,1.3200000000000003, 1.0400010000000037, 0.16999799999999965, 0.25, 34.470001, 34.889999, 4-18-2008
0.3, 0.631578947368421,0.9899979999999999, 0.25, 0.010002999999997542, -0.25, 34.889999, 34.650002, 4-19-2008
0.125, 0.5862068965517241,0.45999899999999627, -0.25, 0.09999799999999937, -0.4799999999999969, 34.650002, 34.27, 4-20-2008
0.2, 0.6875,0.5999979999999994, -0.4799999999999969, 0.13999999999999346, -0.5200009999999935, 34.27, 33.889999, 4-21-2008
0.2857142857142857, 0.71875,1.2299990000000065, 1.0400009999999966, 0.3200000000000003, -0.6500020000000006, 34.93, 34.599998, 5-1-2008
0.14285714285714285, 0.6129032258064516,0.9000020000000006, -0.6500020000000006, -0.14999699999999905, 0.00999800000000306, 34.599998, 34.459999, 5-2-2008
0.16666666666666666, 0.5172413793103449,0.47000100000000344, 0.00999800000000306, -0.25, 0.139998999999996, 34.459999, 34.349998, 5-3-2008
0.46153846153846156, 0.6923076923076923,0.9200019999999967, 0.139998999999996, 0.12000300000000408, -0.7700000000000031, 34.349998, 33.700001, 5-4-2008
0.6666666666666666, 0.7857142857142857,1.0499990000000068, -0.7700000000000031, 0.05999700000000274, -0.25, 33.700001, 33.509998, 5-5-2008
0.25, 0.75,0.6799999999999997, -0.25, -0.1799960000000027, 0.21999699999999933, 33.509998, 33.549999, 5-6-2008
0.5714285714285714, 0.6842105263157895,1.009998000000003, 0.21999699999999933, 0.15000200000000063, 0.5, 33.549999, 34.200001, 5-7-2008
0.2222222222222222, 0.6764705882352942,0.6400039999999976, 0.5, 0.04999899999999968, -0.25999800000000306, 34.200001, 33.990002, 5-8-2008
0.16666666666666666, 0.42105263157894735,0.5200010000000006, -0.25999800000000306, 0.30999700000000274, 0.0, 33.990002, 34.299999, 5-9-2008
0.29411764705882354, 0.4722222222222222,0.4799990000000065, 0.0, 0.07000000000000028, 0.030003000000000668, 34.299999, 34.400002, 5-10-2008
0.25, 0.5517241379310345,0.6500020000000006, 0.030003000000000668, 0.12999699999999592, -0.619999, 34.400002, 33.91, 5-11-2008
0.25, 0.7272727272727273,1.0200009999999935, -0.619999, 0.00999800000000306, 0.010002000000000066, 33.91, 33.93, 5-12-2008
0.36363636363636365, 0.5348837209302325,0.740002000000004, 0.010002000000000066, -0.22000099999999634, -0.4100000000000037, 33.93, 33.299999, 5-13-2008
0.0, 0.7,0.6000019999999964, -0.4100000000000037, 0.11999899999999997, -0.4799989999999994, 33.299999, 32.939999, 5-14-2008
0.5714285714285714, 0.5714285714285714,0.8200039999999973, -0.4799989999999994, 0.10000199999999637, 0.20000100000000032, 32.939999, 33.240002, 5-15-2008
0.46153846153846156, 0.59375,0.5, 0.20000100000000032, -0.0899999999999963, -0.4700020000000009, 33.240002, 32.68, 5-16-2008
0.18181818181818182, 0.4827586206896552,0.49000200000000405, -0.4700020000000009, 0.07999800000000334, 0.1599999999999966, 32.68, 32.919998, 5-17-2008
0.4, 0.8571428571428571,0.6899980000000028, 0.1599999999999966, 0.09000000000000341, -0.11999899999999997, 32.919998, 32.889999, 5-18-2008
0.18181818181818182, 0.5454545454545454,0.8200000000000003, -0.11999899999999997, 0.0, 0.38999999999999346, 32.889999, 33.279999, 5-19-2008
0.0, 0.5882352941176471,0.6599999999999966, 0.38999999999999346, 0.030002000000003193, -0.1200019999999995, 33.279999, 33.189999, 5-20-2008
0.18181818181818182, 0.6111111111111112,0.6700020000000038, -0.22999999999999687, 0.07000000000000028, 0.0, 32.77, 32.84, 6-1-2008
0.4444444444444444, 0.6538461538461539,0.6900019999999998, 0.0, -0.18000000000000682, 0.18000000000000682, 32.84, 32.84, 6-2-2008
0.09090909090909091, 0.625,0.6099960000000024, 0.18000000000000682, 0.06999999999999318, 0.6100000000000065, 32.84, 33.52, 6-3-2008
0.16666666666666666, 0.5833333333333334,0.7200009999999963, 0.6100000000000065, -0.25, -1.2000000000000028, 33.52, 32.07, 6-4-2008
0.125, 0.5277777777777778,1.2700000000000031, -1.2000000000000028, 0.06999900000000281, -1.1899980000000028, 32.07, 30.950001, 6-5-2008
0.25, 0.4827586206896552,1.6100010000000005, -1.1899980000000028, -0.2800009999999986, 0.5599999999999987, 30.950001, 31.23, 6-6-2008
0.4, 0.7037037037037037,1.0499990000000032, 0.5599999999999987, 0.0, -0.6800010000000007, 31.23, 30.549999, 6-7-2008
0.18181818181818182, 0.5882352941176471,1.1800000000000033, -0.6800010000000007, 0.11000100000000046, 0.46000099999999833, 30.549999, 31.120001, 6-8-2008
0.3333333333333333, 0.6875,1.1399989999999995, 0.46000099999999833, 0.35999900000000196, -0.6500000000000021, 31.120001, 30.83, 6-9-2008
0.26666666666666666, 0.6153846153846154,1.6800010000000007, -0.6500000000000021, -0.13999899999999954, 0.6899980000000028, 30.83, 31.379999, 6-10-2008
0.0625, 0.35135135135135137,1.2199990000000014, 0.6899980000000028, 0.2200009999999999, -0.9299999999999997, 31.379999, 30.67, 6-11-2008
0.8, 0.7241379310344828,1.1999980000000008, -0.9299999999999997, -0.370001000000002, -0.2899989999999981, 30.67, 30.01, 6-12-2008
0.25, 0.48717948717948717,0.8399999999999999, -0.2899989999999981, -0.010000000000001563, -0.0799999999999983, 30.01, 29.92, 6-13-2008
0.5, 0.6842105263157895,0.9100000000000001, -0.0799999999999983, -1.120001000000002, 0.870001000000002, 29.92, 29.67, 6-14-2008
0.5, 0.6875,1.480001999999999, 0.870001000000002, 0.0799999999999983, -0.8500000000000014, 29.67, 28.9, 6-15-2008
0.05555555555555555, 0.46511627906976744,1.1000000000000014, -0.8500000000000014, -0.09000099999999733, 1.1200009999999985, 28.9, 29.93, 6-16-2008
0.375, 0.5192307692307693,1.470001, 1.1200009999999985, 0.1700000000000017, -0.15999900000000267, 29.93, 29.940001, 6-17-2008
0.0, 0.5806451612903226,1.269998000000001, -0.15999900000000267, -0.5600019999999972, -0.729999000000003, 29.940001, 28.65, 6-18-2008
0.25, 0.5555555555555556,1.25, -0.729999000000003, 0.08999999999999986, -0.4300009999999972, 28.65, 28.309999, 6-19-2008
0.18181818181818182, 0.5925925925925926,0.7600000000000016, -0.4300009999999972, 0.1000009999999989, -0.5200010000000006, 28.309999, 27.889999, 6-20-2008
0.25, 0.2608695652173913,1.1700009999999992, 0.7799990000000001, 0.11000000000000298, -0.41000000000000014, 28.4, 28.1, 7-1-2008
0.16666666666666666, 0.782608695652174,0.990000000000002, -0.41000000000000014, 0.19000099999999875, -0.6200009999999985, 28.1, 27.67, 7-2-2008
0.14285714285714285, 0.6842105263157895,1.1700000000000017, -0.6200009999999985, 0.19000099999999875, -0.9500010000000003, 27.67, 26.91, 7-3-2008
0.4, 0.7857142857142857,1.7600000000000016, -0.9500010000000003, 0.0799999999999983, 1.0500010000000017, 26.91, 28.040001, 7-4-2008
0.0, 0.4375,1.8300000000000018, 1.0500010000000017, 0.09999799999999937, -1.649999000000001, 28.040001, 26.49, 7-5-2008
0.21428571428571427, 0.6451612903225806,1.9500009999999968, -1.649999000000001, -0.04999899999999968, -0.22000199999999737, 26.49, 26.219999, 7-6-2008
0.5, 0.75,1.0799999999999983, -0.22000199999999737, -0.4200000000000017, -0.059999000000001246, 26.219999, 25.74, 7-7-2008
0.125, 0.6153846153846154,2.1900009999999988, -0.059999000000001246, 0.870001000000002, -3.280001000000002, 25.74, 23.33, 7-8-2008
0.2857142857142857, 0.6666666666666666,3.75, -3.280001000000002, -2.469998999999998, 1.8399999999999999, 23.33, 22.700001, 7-9-2008
0.3333333333333333, 0.6875,3.4299999999999997, 1.8399999999999999, 0.5999979999999994, 3.4400009999999988, 22.700001, 26.74, 7-10-2008
0.15384615384615385, 0.5,3.8699980000000025, 3.4400009999999988, 0.6600000000000001, 0.1400010000000016, 26.74, 27.540001, 7-11-2008
0.42857142857142855, 0.5238095238095238,3.4299999999999997, 0.1400010000000016, 0.04999899999999968, 0.7999989999999997, 27.540001, 28.389999, 7-12-2008
0.3333333333333333, 0.75,1.989999000000001, 0.7999989999999997, 0.4600010000000019, -1.6000000000000014, 28.389999, 27.25, 7-13-2008
0.5714285714285714, 0.48484848484848486,1.7100010000000019, -1.6000000000000014, -0.2199990000000014, 3.349998000000003, 27.25, 30.379999, 7-14-2008
0.3333333333333333, 0.5,4.09, 3.349998000000003, -0.47999900000000295, 0.7000000000000028, 30.379999, 30.6, 7-15-2008
0.18181818181818182, 0.56,1.9200000000000017, 0.7000000000000028, 0.07000000000000028, -1.639999000000003, 30.6, 29.030001, 7-16-2008
0.3333333333333333, 0.5806451612903226,1.7900010000000002, -1.639999000000003, 0.01999800000000107, -0.1499990000000011, 29.030001, 28.9, 7-17-2008
0.4, 0.5666666666666667,1.509999999999998, -0.1499990000000011, -0.010000999999999038, -1.0399989999999981, 28.9, 27.85, 7-18-2008
0.125, 0.5106382978723404,2.020000999999997, -1.0399989999999981, 0.19000099999999875, 1.9799989999999994, 27.85, 30.02, 7-19-2008
0.17647058823529413, 0.6818181818181818,2.4699990000000014, 1.9799989999999994, 0.39000000000000057, 0.6200009999999985, 30.02, 31.030001, 7-20-2008
0.6666666666666666, 0.6590909090909091,1.0899980000000014, 0.6200009999999985, -0.27000099999999705, -0.1499990000000011, 31.030001, 30.610001, 7-21-2008
0.07142857142857142, 0.53125,1.2600000000000016, -0.040001000000000175, -0.379998999999998, 0.04999899999999968, 30.799999, 30.469999, 8-1-2008
0.6, 0.6,1.1600000000000001, 0.04999899999999968, 0.3100019999999972, 1.149999000000001, 30.469999, 31.93, 8-2-2008
0.2, 0.5714285714285714,1.5799999999999983, 1.149999000000001, -0.4299999999999997, 0.3200000000000003, 31.93, 31.82, 8-3-2008
0.2, 0.5348837209302325,0.890000999999998, 0.3200000000000003, -0.1700000000000017, -1.2199999999999989, 31.82, 30.43, 8-4-2008
0.375, 0.7142857142857143,1.9599989999999998, -1.2199999999999989, -0.10000000000000142, 1.1299990000000015, 30.43, 31.459999, 8-5-2008
0.13636363636363635, 0.5581395348837209,1.5799999999999983, 1.1299990000000015, 0.040001000000000175, 0.4800000000000004, 31.459999, 31.98, 8-6-2008
0.25, 0.6956521739130435,1.3399989999999988, 0.4800000000000004, -0.5200010000000006, -0.9699990000000014, 31.98, 30.49, 8-7-2008
0.1111111111111111, 0.6071428571428571,1.5799999999999983, -0.9699990000000014, -0.259999999999998, -0.18999900000000025, 30.49, 30.040001, 8-8-2008
0.16666666666666666, 0.6206896551724138,1.4099989999999991, -0.18999900000000025, -0.23000199999999893, 0.8400009999999973, 30.040001, 30.65, 8-9-2008
0.3, 0.7605633802816901,1.0900009999999973, 0.8400009999999973, 0.15999900000000267, 0.770000999999997, 30.65, 31.58, 8-10-2008
0.14285714285714285, 0.6071428571428571,0.9599989999999998, 0.770000999999997, 0.07000000000000028, -0.9799999999999969, 31.58, 30.67, 8-11-2008
0.3, 0.5333333333333333,1.4100000000000001, -0.9799999999999969, -0.40000000000000213, -0.8499999999999979, 30.67, 29.42, 8-12-2008
0.25, 0.7058823529411765,1.3200000000000003, -0.8499999999999979, 0.05999999999999872, 0.9499999999999993, 29.42, 30.43, 8-13-2008
0.5, 0.5714285714285714,1.5700000000000003, 0.9499999999999993, -0.6399989999999995, 0.36999899999999997, 30.43, 30.16, 8-14-2008
0.3333333333333333, 0.5555555555555556,0.8099990000000012, 0.36999899999999997, 0.3999990000000011, 0.8800019999999975, 30.16, 31.440001, 8-15-2008
0.25, 0.6486486486486487,0.9400009999999988, 0.8800019999999975, -0.12000099999999847, -1.0899999999999999, 31.440001, 30.23, 8-16-2008
0.3333333333333333, 0.5517241379310345,1.1999990000000018, -1.0899999999999999, 0.030000000000001137, 0.20999899999999982, 30.23, 30.469999, 8-17-2008
0.5333333333333333, 0.627906976744186,1.3000019999999992, 0.20999899999999982, -0.08000000000000185, 0.6700000000000017, 30.469999, 31.059999, 8-18-2008
0.2727272727272727, 0.6578947368421053,0.9600009999999983, 0.6700000000000017, 0.39000199999999907, 0.6699979999999996, 31.059999, 32.119999, 8-19-2008
0.5, 0.6511627906976745,0.8499990000000004, 0.6699979999999996, -0.28999900000000167, 0.030001000000002165, 32.119999, 31.860001, 8-20-2008
0.125, 0.7142857142857143,0.8800010000000036, -0.06000099999999975, -0.25, 0.8300020000000004, 32.369999, 32.950001, 9-1-2008
0.2777777777777778, 0.6428571428571429,1.1000000000000014, 0.8300020000000004, -0.35000300000000095, -0.9499980000000008, 32.950001, 31.65, 9-2-2008
0.25, 0.7,1.4299999999999997, -0.9499980000000008, -0.34000099999999733, 1.4300029999999957, 31.65, 32.740002, 9-3-2008
0.42857142857142855, 0.6857142857142857,1.8999999999999986, 1.4300029999999957, 0.7599980000000031, 0.43999900000000025, 32.740002, 33.939999, 9-4-2008
0.36363636363636365, 0.6,1.6600000000000037, 0.43999900000000025, -0.5999989999999968, -1.2799990000000037, 33.939999, 32.060001, 9-5-2008
0.2857142857142857, 0.5769230769230769,2.490000000000002, -1.2799990000000037, -0.05000299999999669, -0.15999800000000164, 32.060001, 31.85, 9-6-2008
0.125, 0.6470588235294118,2.259998999999997, -0.15999800000000164, -0.9400000000000013, 2.729999000000003, 31.85, 33.639999, 9-7-2008
0.0, 0.6666666666666666,3.0999979999999994, 2.729999000000003, -0.5299980000000062, 0.7200010000000034, 33.639999, 33.830002, 9-8-2008
0.14285714285714285, 0.4375,1.0800020000000004, 0.7200010000000034, -1.5800020000000004, 0.7700000000000031, 33.830002, 33.02, 9-9-2008
0.1111111111111111, 0.65625,2.3499979999999994, 0.7700000000000031, -1.010002, 3.260002, 33.02, 35.27, 9-10-2008
0.5, 0.5833333333333334,3.359998000000001, 3.260002, -0.6799999999999997, -1.25, 35.27, 33.34, 9-11-2008
0.07142857142857142, 0.4482758620689655,2.4700010000000034, -1.25, 0.8299979999999962, 2.6000020000000035, 33.34, 36.77, 9-12-2008
0.3, 0.6666666666666666,5.25, 2.6000020000000035, 5.259998999999993, -4.039997, 36.77, 37.990002, 9-13-2008
0.5714285714285714, 0.7222222222222222,6.689999, -4.039997, -1.870002999999997, -1.119999, 37.990002, 35.0, 9-14-2008
0.2, 0.5555555555555556,2.7999989999999997, -1.119999, -0.6899990000000003, -0.3000029999999967, 35.0, 34.009998, 9-15-2008
0.0, 0.6,1.7700009999999935, -0.3000029999999967, 0.5400009999999966, -0.7000010000000003, 34.009998, 33.849998, 9-16-2008
0.08333333333333333, 0.5833333333333334,1.1500010000000032, -0.7000010000000003, 0.730004000000001, 0.7299989999999994, 33.849998, 35.310001, 9-17-2008
0.18181818181818182, 0.6,2.0999979999999994, 0.7299989999999994, -0.9500000000000028, 1.8400000000000034, 35.310001, 36.200001, 9-18-2008
0.06666666666666667, 0.5,2.2099990000000034, 1.8400000000000034, -0.10000300000000095, -3.3499979999999994, 36.200001, 32.75, 9-19-2008
0.125, 0.64,3.759998000000003, -3.3499979999999994, 1.0400009999999966, 2.2299990000000065, 32.75, 36.02, 9-20-2008
0.1111111111111111, 0.7,1.8300019999999932, 1.2299989999999994, -0.18999800000000278, -0.1800009999999972, 36.68, 36.310001, 10-1-2008
0.0, 0.6923076923076923,1.130001, -0.1800009999999972, 0.48999799999999993, -1.739998, 36.310001, 35.060001, 10-2-2008
0.3333333333333333, 0.6153846153846154,2.400001000000003, -1.739998, -1.3300010000000029, 1.0699990000000028, 35.060001, 34.799999, 10-3-2008
0.25, 0.6470588235294118,2.779997999999999, 1.0699990000000028, -0.5299989999999966, -2.4700010000000034, 34.799999, 31.799999, 10-4-2008
0.1, 0.5925925925925926,3.2999989999999997, -2.4700010000000034, -1.649999000000001, 0.6799999999999997, 31.799999, 30.83, 10-5-2008
0.0, 0.5116279069767442,3.509998000000003, 0.6799999999999997, 1.379999000000005, -3.2799990000000037, 30.83, 28.93, 10-6-2008
0.35714285714285715, 0.6410256410256411,5.080000000000002, -3.2799990000000037, -1.9299999999999997, 3.3600010000000005, 28.93, 30.360001, 10-7-2008
0.5, 0.8064516129032258,4.799999, 3.3600010000000005, 2.299998999999996, -1.4099999999999966, 30.360001, 31.25, 10-8-2008
0.16666666666666666, 0.45454545454545453,3.75, -1.4099999999999966, 0.6700000000000017, -0.4600010000000019, 31.25, 31.459999, 10-9-2008
0.4, 0.5,3.1400019999999955, -0.4600010000000019, -0.37999900000000153, -0.9500009999999968, 31.459999, 30.129999, 10-10-2008
0.42857142857142855, 0.8333333333333334,3.0100000000000016, -0.9500009999999968, 0.2800009999999986, 0.46000099999999833, 30.129999, 30.870001, 10-11-2008
0.26666666666666666, 0.6578947368421053,3.1900009999999988, 0.46000099999999833, -0.770000999999997, 0.44999899999999826, 30.870001, 30.549999, 10-12-2008
0.5, 0.6388888888888888,1.9499989999999983, 0.44999899999999826, 0.7600000000000016, -0.18999800000000278, 30.549999, 31.120001, 10-13-2008
0.1111111111111111, 0.7241379310344828,1.609998000000001, -0.18999800000000278, -0.8399999999999999, -0.0799999999999983, 31.120001, 30.200001, 10-14-2008
0.25, 0.5555555555555556,1.9500010000000003, -0.0799999999999983, -0.6000009999999989, -1.489999000000001, 30.200001, 28.110001, 10-15-2008
0.0, 0.6451612903225806,3.0199999999999996, -1.489999000000001, 0.6499990000000011, -0.08000000000000185, 28.110001, 28.68, 10-16-2008
0.0, 0.42857142857142855,2.0399990000000017, -0.08000000000000185, -2.130001, 2.9000020000000006, 28.68, 29.450001, 10-17-2008
0.4444444444444444, 0.72,4.959999, 2.9000020000000006, -0.8900019999999991, 0.26000099999999904, 29.450001, 28.82, 10-18-2008
0.0625, 0.5,2.0199999999999996, 0.26000099999999904, 1.009999999999998, 0.990000000000002, 28.82, 30.82, 10-19-2008
0.2857142857142857, 0.6538461538461539,2.9500010000000003, 0.990000000000002, -0.240000000000002, -1.5499989999999997, 30.82, 29.030001, 10-20-2008
0.125, 0.5625,1.8200000000000003, -1.5499989999999997, 1.2999989999999997, -1.5300009999999986, 29.030001, 28.799999, 10-21-2008
0.5714285714285714, 0.6785714285714286,2.0300009999999986, -1.5300009999999986, -0.19999899999999826, 1.2099989999999998, 28.799999, 29.809999, 10-22-2008
0.0625, 0.4883720930232558,1.3500000000000014, 0.6999989999999983, 0.48000199999999893, 1.4200000000000017, 30.299999, 32.200001, 11-1-2008
0.3333333333333333, 0.6470588235294118,1.7899989999999981, 1.4200000000000017, -0.5300009999999986, -1.9400000000000013, 32.200001, 29.73, 11-2-2008
0.26666666666666666, 0.5806451612903226,2.2999989999999997, -1.9400000000000013, -0.2799990000000001, -1.4200000000000017, 29.73, 28.030001, 11-3-2008
0.0, 0.8,2.709999, -1.4200000000000017, 0.26999800000000107, -1.0899999999999999, 28.030001, 27.209999, 11-4-2008
0.1111111111111111, 0.5,2.3099999999999987, -1.0899999999999999, 0.6400010000000016, -0.33999999999999986, 27.209999, 27.51, 11-5-2008
0.2727272727272727, 0.5666666666666667,1.0599999999999987, -0.33999999999999986, -0.630001, -0.2799990000000001, 27.51, 26.6, 11-6-2008
0.2777777777777778, 0.5333333333333333,1.4600010000000019, -0.2799990000000001, -0.5100000000000016, -0.9199999999999982, 26.6, 25.17, 11-7-2008
0.2857142857142857, 0.6,1.5800000000000018, -0.9199999999999982, 0.2899989999999981, 1.9200000000000017, 25.17, 27.379999, 11-8-2008
0.3333333333333333, 0.8461538461538461,2.899999000000001, 1.9200000000000017, -0.5, -0.5800000000000018, 27.379999, 26.299999, 11-9-2008
0.3, 0.6428571428571429,2.169999999999998, -0.5800000000000018, -0.25, -0.25, 26.299999, 25.799999, 11-10-2008
0.2727272727272727, 0.7105263157894737,1.270000999999997, -0.25, 0.1000009999999989, -0.16999999999999815, 25.799999, 25.73, 11-11-2008
0.2857142857142857, 0.6666666666666666,1.600000999999999, -0.16999999999999815, -0.3200000000000003, -1.7899990000000017, 25.73, 23.620001, 11-12-2008
0.3333333333333333, 0.5357142857142857,2.550001999999999, -1.7899990000000017, -0.509999999999998, -0.990000000000002, 23.620001, 22.120001, 11-13-2008
0.2857142857142857, 0.6666666666666666,2.8000010000000017, -0.990000000000002, 0.41000000000000014, 0.0, 22.120001, 22.530001, 11-14-2008
0.3076923076923077, 0.5769230769230769,3.3100019999999972, 0.0, 1.149999000000001, 1.4200000000000017, 22.530001, 25.1, 11-15-2008
0.25, 0.5151515151515151,1.75, 1.4200000000000017, 0.6900009999999988, -0.5600009999999997, 25.1, 25.23, 11-16-2008
0.4444444444444444, 0.5,1.5499990000000032, -0.5600009999999997, -0.490000000000002, 1.7199990000000014, 25.23, 26.459999, 11-17-2008
0.25, 0.6842105263157895,2.130001, 1.7199990000000014, -0.03999899999999812, 0.5599999999999987, 26.459999, 26.98, 11-18-2008
0.3, 0.5714285714285714,2.7600000000000016, -2.25, 0.7100010000000019, 1.3499999999999979, 23.709999, 25.77, 12-1-2008
0.0, 0.48,2.9299999999999997, 1.3499999999999979, -1.0199999999999996, 3.16, 25.77, 27.91, 12-2-2008
0.16666666666666666, 0.6923076923076923,3.5199999999999996, 3.16, -0.7399999999999984, -0.28000100000000216, 27.91, 26.889999, 12-3-2008
0.07692307692307693, 0.5428571428571428,2.1900000000000013, -0.28000100000000216, -0.5499989999999997, 2.5700000000000003, 26.889999, 28.91, 12-4-2008
0.25, 0.5,3.119999, 2.5700000000000003, 0.5799999999999983, 0.0, 28.91, 29.49, 12-5-2008
0.18181818181818182, 0.5,1.4199999999999982, 0.0, -0.5599999999999987, -0.8299999999999983, 29.49, 28.1, 12-6-2008
0.125, 0.52,1.4100000000000001, -0.8299999999999983, 0.3299999999999983, -0.759999999999998, 28.1, 27.67, 12-7-2008
0.16666666666666666, 0.6470588235294118,1.6600000000000001, -0.759999999999998, -1.6299990000000015, -1.1900009999999988, 27.67, 24.85, 12-8-2008
0.0, 0.6521739130434783,1.7100010000000019, -1.1900009999999988, -0.28000000000000114, 1.2699999999999996, 24.85, 25.84, 12-9-2008
0.23076923076923078, 0.46875,1.869999, 1.2699999999999996, -0.040001000000000175, -1.869999, 25.84, 23.93, 12-10-2008
0.14285714285714285, 0.46875,2.2700010000000006, -1.869999, 0.7300000000000004, 1.4100000000000001, 23.93, 26.07, 12-11-2008
0.0, 0.6666666666666666,1.7299989999999994, 1.4100000000000001, -0.44000099999999875, -0.4299980000000012, 26.07, 25.200001, 12-12-2008
0.2, 0.6176470588235294,1.3899989999999995, -0.4299980000000012, 0.10999800000000093, -0.7799980000000026, 25.200001, 24.530001, 12-13-2008
0.2857142857142857, 0.7727272727272727,1.8199989999999993, -0.7799980000000026, 0.3899990000000031, -0.07000000000000028, 24.530001, 24.85, 12-14-2008
0.1875, 0.7037037037037037,1.4899999999999984, -0.07000000000000028, 0.05999999999999872, -1.3399999999999999, 24.85, 23.57, 12-15-2008
0.0, 0.68,1.5699990000000028, -1.3399999999999999, 0.19000000000000128, -0.620001000000002, 23.57, 23.139999, 12-16-2008
0.08333333333333333, 0.6521739130434783,0.9699990000000014, -0.620001000000002, 0.6900009999999988, 0.16000000000000014, 23.139999, 23.99, 12-17-2008
0.2, 0.5675675675675675,0.5100000000000016, 0.16000000000000014, 0.5100000000000016, -0.25, 23.99, 24.25, 12-18-2008
0.25, 0.7741935483870968,0.7099989999999998, -0.25, -0.3500000000000014, -0.19000099999999875, 24.25, 23.709999, 12-19-2008
0.125, 0.6578947368421053,0.7299999999999969, -0.19000099999999875, 0.12000099999999847, 0.28000100000000216, 23.709999, 24.110001, 12-20-2008
0.09090909090909091, 0.6774193548387096,0.5799999999999983, 0.28000100000000216, -0.20000100000000032, 1.1000000000000014, 24.110001, 25.01, 12-21-2008
0.4, 0.6956521739130435,1.0500009999999982, 0.20999899999999982, -0.17999999999999972, -1.0599999999999987, 25.25, 24.01, 1-1-2009
0.3, 0.5517241379310345,1.1900009999999988, -1.0599999999999987, 0.3299999999999983, -0.5899999999999999, 24.01, 23.75, 1-2-2009
0.2, 0.7428571428571429,1.1699999999999982, -0.5899999999999999, -0.23999999999999844, -0.1399990000000031, 23.75, 23.370001, 1-3-2009
0.18181818181818182, 0.6388888888888888,0.6299990000000015, -0.1399990000000031, -0.12000099999999847, -0.08999999999999986, 23.370001, 23.16, 1-4-2009
0.4, 0.6875,0.5299990000000001, -0.08999999999999986, 0.040001000000000175, -0.8500009999999989, 23.16, 22.35, 1-5-2009
0.3, 0.5588235294117647,1.100000999999999, -0.8500009999999989, 0.25, -0.9200000000000017, 22.35, 21.68, 1-6-2009
0.2, 0.782608695652174,1.3199999999999967, -0.9200000000000017, -0.259999999999998, 0.770000999999997, 21.68, 22.190001, 1-7-2009
0.15384615384615385, 0.47368421052631576,1.4500010000000003, 0.770000999999997, -0.7200019999999974, -0.3999990000000011, 22.190001, 21.07, 1-8-2009
0.08333333333333333, 0.6410256410256411,0.6499999999999986, -0.3999990000000011, 0.13999899999999954, -2.1899990000000003, 21.07, 19.02, 1-9-2009
0.75, 0.95,2.5099979999999995, -2.1899990000000003, 0.5500000000000007, -1.25, 19.02, 18.32, 1-10-2009
0.07692307692307693, 0.45714285714285713,2.3200000000000003, -1.25, -1.0399990000000017, -1.9400009999999988, 18.32, 15.34, 1-11-2009
0.2, 0.5925925925925926,2.5700000000000003, -1.9400009999999988, 1.0100000000000016, -0.26000000000000156, 15.34, 16.09, 1-12-2009
0.125, 0.6774193548387096,4.710000000000001, -0.26000000000000156, -1.1500000000000004, -1.0599999999999987, 16.09, 13.88, 1-13-2009
0.38461538461538464, 0.4857142857142857,2.0700000000000003, -1.0599999999999987, -0.7000000000000011, 1.4600000000000009, 13.88, 14.64, 1-14-2009
0.2222222222222222, 0.5227272727272727,1.9000000000000004, 1.4600000000000009, -0.2900000000000009, -1.3399999999999999, 14.64, 13.01, 1-15-2009
0.42857142857142855, 0.5333333333333333,2.3200000000000003, -1.3399999999999999, -0.17999999999999972, 0.8699999999999992, 13.01, 13.7, 1-16-2009
0.125, 0.5652173913043478,1.1999999999999993, 0.8699999999999992, 1.33, 0.2599999999999998, 13.7, 15.29, 1-17-2009
0.1111111111111111, 0.6666666666666666,1.3200000000000003, 0.2599999999999998, -0.5599999999999987, -0.009999999999999787, 15.29, 14.72, 1-18-2009
0.2, 0.6363636363636364,1.2400000000000002, -0.009999999999999787, 0.27999999999999936, -0.16000000000000014, 14.72, 14.84, 1-19-2009
0.07692307692307693, 0.6071428571428571,1.3200000000000003, 0.7999999999999989, 0.16999999999999993, -1.3399999999999999, 15.28, 14.11, 2-1-2009
0.5714285714285714, 0.7407407407407407,1.9100000000000001, -1.3399999999999999, 0.27000000000000135, -0.21000000000000085, 14.11, 14.17, 2-2-2009
0.42857142857142855, 0.5833333333333334,0.8000000000000007, -0.21000000000000085, -0.11999999999999922, 0.9399999999999995, 14.17, 14.99, 2-3-2009
0.0, 0.625,1.7700000000000014, 0.9399999999999995, 0.09999999999999964, 1.100000999999999, 14.99, 16.190001, 2-4-2009
0.2222222222222222, 0.7272727272727273,1.310000999999998, 1.100000999999999, 0.1999980000000008, 0.3200000000000003, 16.190001, 16.709999, 2-5-2009
0.5, 0.6521739130434783,1.3200000000000003, 0.3200000000000003, -0.2799990000000001, -2.0299999999999994, 16.709999, 14.4, 2-6-2009
0.09090909090909091, 0.76,2.4299990000000005, -2.0299999999999994, 0.5899999999999999, 0.0, 14.4, 14.99, 2-7-2009
0.09090909090909091, 0.41935483870967744,0.7599999999999998, 0.0, -0.5700000000000003, -0.7599999999999998, 14.99, 13.66, 2-8-2009
0.18181818181818182, 0.42857142857142855,1.92, -0.7599999999999998, -0.46000000000000085, -0.7999999999999989, 13.66, 12.4, 2-9-2009
0.16666666666666666, 0.6176470588235294,1.2200000000000006, -0.7999999999999989, -0.9299999999999997, -0.7400000000000002, 12.4, 10.73, 2-10-2009
0.3, 0.6153846153846154,1.08, -0.7400000000000002, 0.5199999999999996, -0.23000000000000043, 10.73, 11.02, 2-11-2009
0.29411764705882354, 0.5555555555555556,1.4499999999999993, -0.23000000000000043, 0.19000000000000128, -0.33000000000000007, 11.02, 10.88, 2-12-2009
0.0, 0.5909090909090909,0.7799999999999994, -0.33000000000000007, -0.6800000000000015, 0.3800000000000008, 10.88, 10.58, 2-13-2009
0.5454545454545454, 0.65,1.2699999999999996, 0.3800000000000008, 0.6099999999999994, 0.14000000000000057, 10.58, 11.33, 2-14-2009
0.14285714285714285, 0.46875,1.2200000000000006, 0.14000000000000057, -0.1999999999999993, 1.4099999999999984, 11.33, 12.54, 2-15-2009
0.05, 0.4375,2.200000000000001, 1.4099999999999984, -0.09999999999999964, 0.3200000000000003, 12.54, 12.76, 2-16-2009
0.0, 0.6,2.2799999999999994, 0.3200000000000003, 0.5400000000000009, 1.6099999999999994, 12.76, 14.91, 2-17-2009
0.25, 0.47368421052631576,1.9700000000000006, 1.6099999999999994, -1.4700000000000006, 0.870000000000001, 14.91, 14.31, 2-18-2009
0.2608695652173913, 0.6163793103448276,0.8300000000000001, -0.4900000000000002, 0.3600000000000012, -0.8800000000000008, 13.1, 12.58, 3-1-2009
0.14423076923076922, 0.5204460966542751,1.4399999999999995, -0.8800000000000008, 0.5700000000000003, -2.1400000000000006, 12.58, 11.01, 3-2-2009
0.25, 0.6345177664974619,2.9499999999999993, -2.1400000000000006, -0.6400000000000006, -1.3599999999999994, 11.01, 9.01, 3-3-2009
0.25301204819277107, 0.588477366255144,2.1500000000000004, -1.3599999999999994, 0.2400000000000002, -0.4299999999999997, 9.01, 8.82, 3-4-2009
0.3119266055045872, 0.6487341772151899,1.6399999999999988, -0.4299999999999997, -0.33999999999999986, 1.709999999999999, 8.82, 10.19, 3-5-2009
0.35185185185185186, 0.6523605150214592,1.92, 1.709999999999999, 0.9100000000000001, 0.3000000000000007, 10.19, 11.4, 3-6-2009
0.32786885245901637, 0.5961538461538461,0.7000000000000011, 0.3000000000000007, 0.7400000000000002, 0.27999999999999936, 11.4, 12.42, 3-7-2009
0.4, 0.7642857142857142,1.8900000000000006, 0.27999999999999936, -0.23000000000000043, 1.5700000000000003, 12.42, 13.76, 3-8-2009
0.2631578947368421, 0.7041420118343196,2.08, 1.5700000000000003, 0.33000000000000007, -0.5199999999999996, 13.76, 13.57, 3-9-2009
0.25316455696202533, 0.6650717703349283,1.42, -0.5199999999999996, 0.46999999999999886, -0.2599999999999998, 13.57, 13.78, 3-10-2009
0.23853211009174313, 0.6439169139465876,1.2199999999999989, -0.2599999999999998, -0.019999999999999574, 0.7599999999999998, 13.78, 14.52, 3-11-2009
0.29850746268656714, 0.6197183098591549,1.1300000000000008, 0.7599999999999998, -0.23000000000000043, 1.540000000000001, 14.52, 15.83, 3-12-2009
0.3090909090909091, 0.648936170212766,2.0600000000000005, 1.540000000000001, 0.3899990000000013, -1.9599990000000016, 15.83, 14.26, 3-13-2009
0.29850746268656714, 0.672566371681416,2.120000000000001, -1.9599990000000016, 0.08999999999999986, -0.9299999999999997, 14.26, 13.42, 3-14-2009
0.4482758620689655, 0.6842105263157895,1.2200000000000006, -0.9299999999999997, 1.3900000000000006, 1.1799999999999997, 13.42, 15.99, 3-15-2009
0.28888888888888886, 0.6987951807228916,2.090001000000001, 1.1799999999999997, -0.7799999999999994, -0.22000000000000064, 15.99, 14.99, 3-16-2009
0.5434782608695652, 0.7195121951219512,1.3100000000000005, -0.22000000000000064, 0.2599999999999998, 0.7800009999999986, 14.99, 16.030001, 3-17-2009
0.3076923076923077, 0.68125,1.1499999999999986, 0.7800009999999986, 0.30999900000000125, 0.3200000000000003, 16.030001, 16.66, 3-18-2009
0.3384615384615385, 0.6536585365853659,1.519999000000002, 0.3200000000000003, -0.7699999999999996, -0.25, 16.66, 15.64, 3-19-2009
0.21052631578947367, 0.7081545064377682,0.9600010000000001, -0.25, -0.8399999999999999, -1.0200000000000014, 15.64, 13.78, 3-20-2009
0.16216216216216217, 0.6244131455399061,1.3399999999999999, -1.0200000000000014, 0.4900000000000002, 0.33999999999999986, 13.78, 14.61, 3-21-2009
0.2857142857142857, 0.6428571428571429,1.209999999999999, 0.9199999999999999, 0.8200000000000003, -0.15000000000000036, 14.91, 15.58, 4-1-2009
0.2857142857142857, 0.7575757575757576,0.870000000000001, -0.15000000000000036, -0.33000000000000007, 0.7200000000000006, 15.58, 15.97, 4-2-2009
0.1111111111111111, 0.4090909090909091,1.0399999999999991, 0.7200000000000006, -0.8399999999999999, 0.10999999999999943, 15.97, 15.24, 4-3-2009
0.07692307692307693, 0.4,1.0, 0.10999999999999943, -0.6099999999999994, -0.21000000000000085, 15.24, 14.42, 4-4-2009
0.16666666666666666, 0.6551724137931034,0.6799999999999997, -0.21000000000000085, 0.1899999999999995, -0.25, 14.42, 14.36, 4-5-2009
0.0, 0.631578947368421,0.7900000000000009, -0.25, 2.539999999999999, 0.739999000000001, 14.36, 17.639999, 4-6-2009
0.23529411764705882, 0.6964285714285714,2.090000999999999, 0.739999000000001, -0.5999979999999994, 0.9699990000000014, 17.639999, 18.01, 4-7-2009
0.15384615384615385, 0.6578947368421053,1.4400009999999988, 0.9699990000000014, -0.6499990000000011, -0.8100020000000008, 18.01, 16.549999, 4-8-2009
0.26666666666666666, 0.7105263157894737,1.399999000000001, -0.8100020000000008, 0.0, 1.3399999999999999, 16.549999, 17.889999, 4-9-2009
0.3333333333333333, 0.4782608695652174,1.9400000000000013, 1.3399999999999999, 0.0200010000000006, 0.1499990000000011, 17.889999, 18.059999, 4-10-2009
0.5714285714285714, 0.7307692307692307,1.4500010000000003, 0.1499990000000011, -0.2199990000000014, 0.7600000000000016, 18.059999, 18.6, 4-11-2009
0.36363636363636365, 0.64,1.640001999999999, 0.7600000000000016, -0.7200009999999999, -1.939999000000002, 18.6, 15.94, 4-12-2009
0.29411764705882354, 0.7096774193548387,2.1000010000000007, -1.939999000000002, -0.03999999999999915, 3.369999999999999, 15.94, 19.27, 4-13-2009
0.16666666666666666, 0.7142857142857143,4.200001, 3.369999999999999, -0.880001, -0.739999000000001, 19.27, 17.65, 4-14-2009
0.07142857142857142, 0.5384615384615384,2.0600020000000008, -0.739999000000001, 0.38000100000000003, 0.33999999999999986, 17.65, 18.370001, 4-15-2009
0.2857142857142857, 0.6896551724137931,1.0599999999999987, 0.33999999999999986, -0.040001000000000175, 0.6399990000000031, 18.370001, 18.969999, 4-16-2009
0.08333333333333333, 0.41379310344827586,1.1999989999999983, 0.6399990000000031, -0.4699990000000014, -0.36000100000000046, 18.969999, 18.139999, 4-17-2009
0.5, 0.7428571428571429,0.7600000000000016, -0.36000100000000046, -0.33999999999999986, -0.11999899999999997, 18.139999, 17.68, 4-18-2009
0.16666666666666666, 0.6774193548387096,0.6600000000000001, -0.11999899999999997, 0.19000099999999875, 0.9200000000000017, 17.68, 18.790001, 4-19-2009
0.4444444444444444, 0.6363636363636364,1.1500020000000006, 0.9200000000000017, 0.23999999999999844, -0.8100019999999972, 18.790001, 18.219999, 4-20-2009
0.2727272727272727, 0.5862068965517241,0.8300000000000018, -0.2200009999999999, 0.6799999999999997, 1.7000010000000003, 17.959999, 20.34, 5-1-2009
0.18181818181818182, 0.5483870967741935,1.880001, 1.7000010000000003, -0.4799989999999994, 0.259999999999998, 20.34, 20.120001, 5-2-2009
0.42857142857142855, 0.8214285714285714,1.1900000000000013, 0.259999999999998, 0.4599989999999998, 0.7100010000000019, 20.120001, 21.290001, 5-3-2009
0.16666666666666666, 0.6153846153846154,1.7300000000000004, 0.7100010000000019, 0.5499989999999997, -2.2800009999999986, 21.290001, 19.559999, 5-4-2009
0.5, 0.7894736842105263,2.6100010000000005, -2.2800009999999986, 0.9200009999999992, 0.06000099999999975, 19.559999, 20.540001, 5-5-2009
0.2, 0.6410256410256411,1.5899999999999999, 0.06000099999999975, -0.9000020000000006, -1.1399989999999995, 20.540001, 18.5, 5-6-2009
0.13333333333333333, 0.6666666666666666,1.3299999999999983, -1.1399989999999995, -0.5, -0.11000100000000046, 18.5, 17.889999, 5-7-2009
0.3333333333333333, 0.65625,0.8600010000000005, -0.11000100000000046, -0.21999899999999784, -0.2700000000000031, 17.889999, 17.4, 5-8-2009
0.1111111111111111, 0.56,0.7000010000000003, -0.2700000000000031, -0.129999999999999, 0.5700000000000003, 17.4, 17.84, 5-9-2009
0.6666666666666666, 0.7777777777777778,0.6500000000000021, 0.5700000000000003, -0.08999999999999986, -0.0799999999999983, 17.84, 17.67, 5-10-2009
0.25, 0.5333333333333333,0.6000009999999989, -0.0799999999999983, 0.5300009999999986, 1.149999000000001, 17.67, 19.35, 5-11-2009
0.23076923076923078, 0.6944444444444444,1.3299999999999983, 1.149999000000001, 0.21999999999999886, -0.7099989999999998, 19.35, 18.860001, 5-12-2009
0.0, 0.5384615384615384,0.9499989999999983, -0.7099989999999998, 0.3299999999999983, -0.7100009999999983, 18.860001, 18.48, 5-13-2009
0.3, 0.625,1.2800009999999986, -0.7100009999999983, -0.26000099999999904, -0.10999800000000093, 18.48, 18.110001, 5-14-2009
0.1111111111111111, 0.5925925925925926,0.6600000000000001, -0.10999800000000093, 0.09999799999999937, -0.37999900000000153, 18.110001, 17.83, 5-15-2009
0.45454545454545453, 0.8,0.5700000000000003, -0.37999900000000153, -0.06999999999999673, 1.2800009999999986, 17.83, 19.040001, 5-16-2009
0.42857142857142855, 0.7,1.4699990000000014, 1.2800009999999986, 0.02999900000000011, -1.1100010000000005, 19.040001, 17.959999, 5-17-2009
0.25, 0.6785714285714286,1.1700000000000017, -1.1100010000000005, 0.1400010000000016, 0.8200000000000003, 17.959999, 18.92, 5-18-2009
0.3333333333333333, 0.7142857142857143,1.2000010000000003, 0.8200000000000003, 0.1100009999999969, 0.1700000000000017, 18.92, 19.200001, 5-19-2009
0.23076923076923078, 0.625,0.880001, -0.620000000000001, 0.030000000000001137, -0.8099990000000012, 18.9, 18.120001, 6-1-2009
0.07692307692307693, 0.4444444444444444,1.380001, -0.8099990000000012, -0.12000099999999847, 0.04999899999999968, 18.120001, 18.049999, 6-2-2009
0.6363636363636364, 0.782608695652174,0.7000010000000003, 0.04999899999999968, 0.1700000000000017, 0.5300009999999986, 18.049999, 18.75, 6-3-2009
0.5, 0.7777777777777778,0.9200000000000017, 0.5300009999999986, 0.12999900000000153, -0.8799990000000015, 18.75, 18.0, 6-4-2009
0.3333333333333333, 0.631578947368421,1.0899999999999999, -0.8799990000000015, -0.030000999999998612, 0.38000100000000003, 18.0, 18.35, 6-5-2009
0.4, 0.5925925925925926,0.5699990000000028, 0.38000100000000003, 0.1000009999999989, -0.2700010000000006, 18.35, 18.18, 6-6-2009
0.14285714285714285, 0.6774193548387096,0.5200010000000006, -0.2700010000000006, 0.11999899999999997, -0.19999899999999826, 18.18, 18.1, 6-7-2009
0.375, 0.7586206896551724,0.5, -0.19999899999999826, -0.020000000000003126, 0.28000100000000216, 18.1, 18.360001, 6-8-2009
0.4, 0.78125,0.5599999999999987, 0.28000100000000216, -0.1000009999999989, 0.31999999999999673, 18.360001, 18.58, 6-9-2009
0.14285714285714285, 0.7297297297297297,0.36999899999999997, 0.31999999999999673, -0.25, -0.509999999999998, 18.58, 17.82, 6-10-2009
0.125, 0.7096774193548387,0.8099990000000012, -0.509999999999998, -0.41000000000000014, 0.4500010000000003, 17.82, 17.860001, 6-11-2009
0.375, 0.6,0.8399999999999999, 0.4500010000000003, 0.1499990000000011, -0.240000000000002, 17.860001, 17.77, 6-12-2009
0.07142857142857142, 0.5238095238095238,0.8499979999999994, -0.240000000000002, 0.02999900000000011, 0.23000199999999893, 17.77, 18.030001, 6-13-2009
0.14285714285714285, 0.6538461538461539,0.7299989999999994, 0.23000199999999893, 0.1700000000000017, -0.25, 18.030001, 17.950001, 6-14-2009
0.2857142857142857, 0.5882352941176471,0.5500010000000017, -0.25, -0.23000199999999893, -0.6399990000000031, 17.950001, 17.08, 6-15-2009
0.14285714285714285, 0.6176470588235294,1.0, -0.6399990000000031, 0.040001000000000175, 0.30999900000000125, 17.08, 17.43, 6-16-2009
0.18518518518518517, 0.6511627906976745,1.0599999999999987, 0.30999900000000125, 0.240000000000002, 0.08999999999999986, 17.43, 17.76, 6-17-2009
0.0, 0.6206896551724138,0.5099980000000031, 0.08999999999999986, -0.059999000000001246, 0.08999999999999986, 17.76, 17.790001, 6-18-2009
0.4, 0.4782608695652174,0.8799990000000015, 0.08999999999999986, -0.0200010000000006, 0.25, 17.790001, 18.02, 6-19-2009
0.0, 0.5862068965517241,0.9300010000000007, 0.25, 0.07000000000000028, 0.1000009999999989, 18.02, 18.190001, 6-20-2009
0.26666666666666666, 0.6486486486486487,0.4699990000000014, 0.1000009999999989, -0.030000999999998612, -0.23999999999999844, 18.190001, 17.92, 6-21-2009
0.5, 0.9117647058823529,0.47000199999999737, -0.3500000000000014, -0.09999999999999787, -0.43999900000000025, 17.58, 17.040001, 7-1-2009
0.36363636363636365, 0.5853658536585366,0.4799989999999994, -0.43999900000000025, -0.040001000000000175, 0.08999999999999986, 17.040001, 17.09, 7-2-2009
0.2, 0.5294117647058824,0.7199990000000014, 0.08999999999999986, 0.0, -0.16999999999999815, 17.09, 16.92, 7-3-2009
0.3333333333333333, 0.6666666666666666,0.490000000000002, -0.16999999999999815, -0.020000000000003126, -0.3099999999999987, 16.92, 16.59, 7-4-2009
0.1, 0.5757575757575758,0.9399979999999992, -0.3099999999999987, 0.17999999999999972, -0.1499990000000011, 16.59, 16.620001, 7-5-2009
0.4, 0.75,0.4399979999999992, -0.1499990000000011, -0.1100009999999969, 0.0799999999999983, 16.620001, 16.59, 7-6-2009
0.0, 0.625,0.4500010000000003, 0.0799999999999983, 0.4699990000000014, 0.6300019999999975, 16.59, 17.690001, 7-7-2009
0.2727272727272727, 0.6363636363636364,0.9200009999999992, 0.6300019999999975, -0.010000999999999038, -0.259999999999998, 17.690001, 17.42, 7-8-2009
0.0625, 0.4634146341463415,0.5799999999999983, -0.259999999999998, 0.21999899999999784, 0.3000019999999992, 17.42, 17.940001, 7-9-2009
0.375, 0.6071428571428571,0.7600000000000016, 0.3000019999999992, -0.11000100000000046, 0.09000000000000341, 17.940001, 17.92, 7-10-2009
0.3333333333333333, 0.6,0.4500010000000003, 0.09000000000000341, -0.10000000000000142, 0.13999899999999954, 17.92, 17.959999, 7-11-2009
0.23076923076923078, 0.4666666666666667,0.6399990000000031, 0.13999899999999954, 0.040001000000000175, 0.2900010000000002, 17.959999, 18.290001, 7-12-2009
0.6, 0.7142857142857143,0.3999990000000011, 0.2900010000000002, 0.1799980000000012, -0.19999900000000181, 18.290001, 18.27, 7-13-2009
0.47058823529411764, 0.6176470588235294,0.639999999999997, -0.19999900000000181, -0.23999900000000096, 0.9299980000000012, 18.27, 18.959999, 7-14-2009
0.3, 0.6666666666666666,1.3500000000000014, 0.9299980000000012, 0.030000999999998612, 0.43000000000000327, 18.959999, 19.42, 7-15-2009
0.5294117647058824, 0.7254901960784313,0.610000000000003, 0.43000000000000327, -0.10000000000000142, 0.4499999999999993, 19.42, 19.77, 7-16-2009
0.4166666666666667, 0.6470588235294118,0.7299989999999994, 0.4499999999999993, 0.05000000000000071, 0.25, 19.77, 20.07, 7-17-2009
0.2, 0.6333333333333333,0.6099980000000009, 0.25, -0.28999900000000167, 0.1700000000000017, 20.07, 19.950001, 7-18-2009
0.18181818181818182, 0.5333333333333333,0.7399999999999984, 0.1700000000000017, -0.14000199999999907, -0.12999900000000153, 19.950001, 19.68, 7-19-2009
0.125, 0.4827586206896552,0.4900020000000005, -0.12999900000000153, 0.2700010000000006, 0.5299990000000001, 19.68, 20.48, 7-20-2009
0.2, 0.5625,0.6999999999999993, 0.5299990000000001, -0.05000000000000071, -0.019999999999999574, 20.48, 20.41, 7-21-2009
0.25, 0.59375,0.38999899999999954, 0.1000009999999989, -0.15000199999999708, 0.9800019999999989, 20.870001, 21.700001, 8-1-2009
0.2857142857142857, 0.6896551724137931,1.3299999999999983, 0.9800019999999989, 0.2299989999999994, 0.8600010000000005, 21.700001, 22.790001, 8-2-2009
0.0, 0.56,1.2999989999999997, 0.8600010000000005, 0.44999899999999826, -0.8399999999999999, 22.790001, 22.4, 8-3-2009
0.3333333333333333, 0.4375,1.1100010000000005, -0.8399999999999999, 0.3900010000000016, 0.4599989999999998, 22.4, 23.25, 8-4-2009
0.13333333333333333, 0.52,1.1600000000000001, 0.4599989999999998, -0.2199990000000014, -0.010000999999999038, 23.25, 23.02, 8-5-2009
0.2222222222222222, 0.5714285714285714,0.7000010000000003, -0.010000999999999038, -0.3999990000000011, -0.520000999999997, 23.02, 22.1, 8-6-2009
0.2, 0.65,1.0800000000000018, -0.520000999999997, -0.25, 0.16999999999999815, 22.1, 22.02, 8-7-2009
0.42857142857142855, 0.6206896551724138,0.6899990000000003, 0.16999999999999815, 0.3099999999999987, 0.2199990000000014, 22.02, 22.549999, 8-8-2009
0.16666666666666666, 0.7307692307692307,0.8700009999999985, 0.2199990000000014, -0.059999000000001246, 0.0, 22.549999, 22.49, 8-9-2009
0.42857142857142855, 0.6129032258064516,0.5399989999999981, 0.0, -0.7299999999999969, -0.360000000000003, 22.49, 21.4, 8-10-2009
0.2727272727272727, 0.64,0.6699999999999982, -0.360000000000003, 0.1700000000000017, -0.05999999999999872, 21.4, 21.51, 8-11-2009
0.5, 0.6486486486486487,0.37999900000000153, -0.05999999999999872, -0.33000000000000185, 0.3999999999999986, 21.51, 21.58, 8-12-2009
0.2222222222222222, 0.627906976744186,0.6799999999999997, 0.3999999999999986, -0.00999999999999801, 0.5, 21.58, 22.07, 8-13-2009
0.5, 0.85,0.7599979999999995, 0.5, 0.3500000000000014, -0.1399990000000031, 22.07, 22.280001, 8-14-2009
0.0, 0.6451612903225806,0.38000100000000003, -0.1399990000000031, 0.16000000000000014, -0.7200019999999974, 22.280001, 21.719999, 8-15-2009
0.25, 0.52,1.1700000000000017, -0.7200019999999974, 0.14000199999999907, 0.059999000000001246, 21.719999, 21.92, 8-16-2009
0.6666666666666666, 0.7254901960784313,0.520000999999997, 0.059999000000001246, -0.20000100000000032, 0.39000199999999907, 21.92, 22.110001, 8-17-2009
0.4, 0.8076923076923077,0.7100009999999983, 0.39000199999999907, -0.0200010000000006, 0.16000000000000014, 22.110001, 22.25, 8-18-2009
0.2, 0.5714285714285714,0.40999900000000267, 0.16000000000000014, 0.2199990000000014, -0.03999900000000167, 22.25, 22.43, 8-19-2009
0.16666666666666666, 0.7586206896551724,0.44999899999999826, -0.03999900000000167, -0.38000100000000003, 0.5700019999999988, 22.43, 22.620001, 8-20-2009
0.16666666666666666, 0.6153846153846154,1.6600000000000001, -1.0400010000000002, -0.08999999999999986, -0.48999999999999844, 21.24, 20.66, 9-1-2009
0.1, 0.6451612903225806,0.9799999999999969, -0.48999999999999844, 0.2199990000000014, 0.07000199999999879, 20.66, 20.950001, 9-2-2009
0.375, 0.5384615384615384,0.4499990000000018, 0.07000199999999879, -0.0200010000000006, 0.5200010000000006, 20.950001, 21.450001, 9-3-2009
0.0, 0.6363636363636364,0.5299990000000001, 0.5200010000000006, 0.26999800000000107, -0.7199990000000014, 21.450001, 21.0, 9-4-2009
0.3333333333333333, 0.7692307692307693,0.859999000000002, -0.7199990000000014, 0.010000000000001563, 0.7399999999999984, 21.0, 21.75, 9-5-2009
0.18181818181818182, 0.6,0.7999989999999997, 0.7399999999999984, -0.019999999999999574, -0.010000999999999038, 21.75, 21.719999, 9-6-2009
0.11764705882352941, 0.5869565217391305,0.4800000000000004, -0.010000999999999038, -0.01999800000000107, 0.16000000000000014, 21.719999, 21.860001, 9-7-2009
0.3333333333333333, 0.42857142857142855,0.44000099999999875, 0.16000000000000014, -0.22000200000000092, 0.3400010000000009, 21.860001, 21.98, 9-8-2009
0.25, 0.5555555555555556,0.5500000000000007, 0.3400010000000009, 0.03999999999999915, 0.15000000000000213, 21.98, 22.17, 9-9-2009
0.42857142857142855, 0.7777777777777778,0.8899989999999995, 0.15000000000000213, 0.06999999999999673, 0.5800000000000018, 22.17, 22.82, 9-10-2009
0.3888888888888889, 0.6440677966101694,0.870001000000002, 0.5800000000000018, 0.1499990000000011, -0.5299980000000026, 22.82, 22.440001, 9-11-2009
0.25, 0.6111111111111112,0.8299999999999983, -0.5299980000000026, 0.12999900000000153, 0.19000000000000128, 22.440001, 22.76, 9-12-2009
0.18181818181818182, 0.5,0.5700000000000003, 0.19000000000000128, -0.3500000000000014, 0.019999999999999574, 22.76, 22.43, 9-13-2009
0.625, 0.7916666666666666,0.3500009999999989, 0.019999999999999574, 0.16000000000000014, -0.25, 22.43, 22.34, 9-14-2009
0.1111111111111111, 0.7096774193548387,0.6699999999999982, -0.25, -0.20000100000000032, -0.06999899999999926, 22.34, 22.07, 9-15-2009
0.3333333333333333, 0.6060606060606061,0.4700009999999999, -0.06999899999999926, 0.13000100000000003, -0.30000100000000174, 22.07, 21.9, 9-16-2009
0.25, 0.625,0.41000000000000014, -0.30000100000000174, -0.129999999999999, 0.28999900000000167, 21.9, 22.059999, 9-17-2009
0.42857142857142855, 0.7391304347826086,0.5, 0.28999900000000167, 0.050001999999999214, 0.11999899999999997, 22.059999, 22.23, 9-18-2009
0.3125, 0.6666666666666666,0.360000000000003, 0.11999899999999997, 0.15999899999999911, -0.6399989999999995, 22.23, 21.75, 9-19-2009
0.625, 0.8260869565217391,0.7900010000000002, -0.6399989999999995, 0.0799999999999983, 0.030001000000002165, 21.75, 21.860001, 9-20-2009
0.2727272727272727, 0.5925925925925926,0.739999000000001, -0.6399989999999995, -0.26000099999999904, 0.379999999999999, 21.110001, 21.23, 10-1-2009
0.16666666666666666, 0.6785714285714286,0.8600009999999969, 0.379999999999999, 0.370000000000001, 0.03999899999999812, 21.23, 21.639999, 10-2-2009
0.125, 0.6571428571428571,0.3200019999999988, 0.03999899999999812, 0.11000100000000046, 0.2900010000000002, 21.639999, 22.040001, 10-3-2009
0.25, 0.5806451612903226,0.5199999999999996, 0.2900010000000002, -0.1700000000000017, 0.30999900000000125, 22.040001, 22.18, 10-4-2009
0.21428571428571427, 0.6363636363636364,0.4700009999999999, 0.30999900000000125, 0.08000000000000185, 0.33999999999999986, 22.18, 22.6, 10-5-2009
0.2, 0.6923076923076923,0.6400000000000006, 0.33999999999999986, 0.0, 0.3299999999999983, 22.6, 22.93, 10-6-2009
0.07692307692307693, 0.4827586206896552,0.7099989999999998, 0.3299999999999983, -0.00999999999999801, 0.09999999999999787, 22.93, 23.02, 10-7-2009
0.1111111111111111, 0.4642857142857143,0.2900010000000002, 0.09999999999999787, -0.16999999999999815, 0.0, 23.02, 22.85, 10-8-2009
0.4, 0.7083333333333334,0.4699990000000014, 0.0, 0.4799999999999969, 0.6100010000000005, 22.85, 23.940001, 10-9-2009
0.4444444444444444, 0.6666666666666666,0.8199999999999967, 0.6100010000000005, -0.12000099999999847, 0.19000000000000128, 23.940001, 24.01, 10-10-2009
0.3333333333333333, 0.5652173913043478,0.7100009999999983, 0.19000000000000128, -0.47999900000000295, -0.12000099999999847, 24.01, 23.41, 10-11-2009
0.2, 0.4782608695652174,0.35999999999999943, -0.12000099999999847, 0.08999999999999986, 0.30999900000000125, 23.41, 23.809999, 10-12-2009
0.4, 0.76,0.520000999999997, 0.30999900000000125, -0.01999800000000107, 0.009997999999999507, 23.809999, 23.799999, 10-13-2009
0.3333333333333333, 0.5142857142857142,0.6399989999999995, 0.009997999999999507, 0.630001, 0.0, 23.799999, 24.43, 10-14-2009
0.3, 0.5333333333333333,1.2699999999999996, 0.0, 0.19000099999999875, 0.729999000000003, 24.43, 25.35, 10-15-2009
0.3, 0.7083333333333334,1.1099999999999994, 0.729999000000003, 0.03999899999999812, -0.4399979999999992, 25.35, 24.950001, 10-16-2009
0.6, 0.8,0.739999000000001, -0.4399979999999992, -0.6500020000000006, -0.1499990000000011, 24.950001, 24.15, 10-17-2009
0.5, 0.7333333333333333,0.6699999999999982, -0.1499990000000011, 0.1499990000000011, -0.04999899999999968, 24.15, 24.25, 10-18-2009
0.3, 0.5862068965517241,0.4299999999999997, -0.04999899999999968, -0.059999000000001246, -0.6600000000000001, 24.25, 23.530001, 10-19-2009
0.23076923076923078, 0.6333333333333333,0.9599989999999998, -0.6600000000000001, 0.28999900000000167, 0.38999899999999954, 23.530001, 24.209999, 10-20-2009
0.2857142857142857, 0.6363636363636364,0.6499999999999986, 0.38999899999999954, -0.18999900000000025, -0.8000009999999982, 24.209999, 23.219999, 10-21-2009
0.5, 0.7222222222222222,1.1899980000000028, 0.2900010000000002, -0.21000099999999833, -0.10999900000000196, 23.84, 23.52, 11-1-2009
0.5, 0.8048780487804879,0.6699999999999982, -0.10999900000000196, 0.21999999999999886, -0.6699999999999982, 23.52, 23.07, 11-2-2009
0.14285714285714285, 0.4583333333333333,0.8899990000000031, -0.6699999999999982, 0.30999900000000125, 0.6000009999999989, 23.07, 23.98, 11-3-2009
0.5, 0.7560975609756098,0.9900020000000005, 0.6000009999999989, -0.41000000000000014, 0.16000000000000014, 23.98, 23.73, 11-4-2009
0.3333333333333333, 0.6666666666666666,0.5300009999999986, 0.16000000000000014, 0.19000000000000128, 0.5899999999999999, 23.73, 24.51, 11-5-2009
0.2, 0.7391304347826086,0.8200019999999988, 0.5899999999999999, -0.06999900000000281, -0.11000100000000046, 24.51, 24.33, 11-6-2009
0.2222222222222222, 0.5185185185185185,0.4799989999999994, -0.11000100000000046, 0.26000000000000156, -0.19000000000000128, 24.33, 24.4, 11-7-2009
0.375, 0.6071428571428571,0.7100009999999983, -0.19000000000000128, -0.02000099999999705, -0.37999900000000153, 24.4, 24.0, 11-8-2009
0.2857142857142857, 0.85,0.75, -0.37999900000000153, -0.010000000000001563, -0.509999999999998, 24.0, 23.48, 11-9-2009
0.2, 0.7096774193548387,0.7900010000000002, -0.509999999999998, 0.3000009999999982, -0.4000019999999971, 23.48, 23.379999, 11-10-2009
0.125, 0.5806451612903226,0.7099989999999998, -0.4000019999999971, -0.01999800000000107, 0.2799979999999991, 23.379999, 23.639999, 11-11-2009
0.5555555555555556, 0.6086956521739131,0.6399989999999995, 0.2799979999999991, -0.02999799999999908, 0.0, 23.639999, 23.610001, 11-12-2009
0.1, 0.6206896551724138,0.41000000000000014, 0.0, -0.1700000000000017, -0.3100019999999972, 23.610001, 23.129999, 11-13-2009
0.25, 0.75,0.41000000000000014, -0.3100019999999972, -0.1799980000000012, 0.33999999999999986, 23.129999, 23.290001, 11-14-2009
0.26666666666666666, 0.6176470588235294,0.5, 0.33999999999999986, 0.2299989999999994, 0.02999900000000011, 23.290001, 23.549999, 11-15-2009
0.15384615384615385, 0.5806451612903226,0.2799990000000001, 0.02999900000000011, -0.059999000000001246, 0.240000000000002, 23.549999, 23.73, 11-16-2009
0.09090909090909091, 0.5,0.4499980000000008, 0.240000000000002, 0.030000000000001137, -0.19000000000000128, 23.73, 23.57, 11-17-2009
0.2, 0.8,0.40000200000000063, -0.19000000000000128, -0.8000000000000007, 0.18000100000000074, 23.57, 22.950001, 11-18-2009
0.14285714285714285, 0.6774193548387096,0.6600000000000001, 0.18000100000000074, 0.41999999999999815, 0.7599980000000031, 22.950001, 24.129999, 11-19-2009
0.14285714285714285, 0.5806451612903226,0.5799999999999983, 0.0799999999999983, 0.05999999999999872, 0.030000000000001137, 24.34, 24.43, 12-1-2009
0.2222222222222222, 0.6296296296296297,0.44000099999999875, 0.030000000000001137, -0.030000000000001137, -1.1499999999999986, 24.43, 23.25, 12-2-2009
0.0, 0.9285714285714286,1.3399999999999999, -1.1499999999999986, 0.5, -0.25, 23.25, 23.5, 12-3-2009
0.2, 0.7428571428571429,0.740000000000002, -0.25, -0.04999899999999968, -0.4200000000000017, 23.5, 23.030001, 12-4-2009
0.15384615384615385, 0.5789473684210527,0.6100009999999969, -0.4200000000000017, 0.0, -0.050000999999998186, 23.030001, 22.98, 12-5-2009
0.5, 0.6296296296296297,0.4200000000000017, -0.050000999999998186, 0.17999999999999972, -0.26000000000000156, 22.98, 22.9, 12-6-2009
0.07142857142857142, 0.4666666666666667,0.4299999999999997, -0.26000000000000156, 0.059999000000001246, 0.07000199999999879, 22.9, 23.030001, 12-7-2009
0.045454545454545456, 0.5846153846153846,0.4400000000000013, 0.07000199999999879, 0.029998000000002634, -0.010000000000001563, 23.030001, 23.049999, 12-8-2009
0.25, 0.6756756756756757,0.2999989999999997, -0.010000000000001563, 0.2200009999999999, -0.2299989999999994, 23.049999, 23.040001, 12-9-2009
0.3, 0.5370370370370371,0.6099999999999994, -0.2299989999999994, -0.010000000000001563, -0.6400019999999991, 23.040001, 22.389999, 12-10-2009
0.17647058823529413, 0.5576923076923077,0.7399999999999984, -0.6400019999999991, 0.23000199999999893, -0.5300009999999986, 22.389999, 22.09, 12-11-2009
0.2222222222222222, 0.6521739130434783,0.7900010000000002, -0.5300009999999986, -0.19000000000000128, -0.11999899999999997, 22.09, 21.780001, 12-12-2009
0.07692307692307693, 0.7169811320754716,0.40000000000000213, -0.11999899999999997, 0.03999900000000167, 0.4799989999999994, 21.780001, 22.299999, 12-13-2009
0.4, 0.7777777777777778,0.6000000000000014, 0.4799989999999994, 0.13000100000000003, 0.5299990000000001, 22.299999, 22.959999, 12-14-2009
0.2, 0.4782608695652174,0.5700000000000003, 0.5299990000000001, -0.02999900000000011, -0.13999899999999954, 22.959999, 22.790001, 12-15-2009
0.3333333333333333, 0.7272727272727273,0.5799999999999983, -0.13999899999999954, -0.08000200000000035, -0.36999899999999997, 22.790001, 22.34, 12-16-2009
0.36363636363636365, 0.5769230769230769,0.5300009999999986, -0.36999899999999997, -0.04999899999999968, 0.2899989999999981, 22.34, 22.58, 12-17-2009
0.10526315789473684, 0.5294117647058824,0.33999999999999986, 0.2899989999999981, -0.02000099999999705, -0.08999999999999986, 22.58, 22.469999, 12-18-2009
0.0, 0.48214285714285715,0.4399980000000028, -0.08999999999999986, -0.059999000000001246, -0.0200010000000006, 22.469999, 22.389999, 12-19-2009
0.0, 0.56,0.259999999999998, -0.0200010000000006, -0.08999999999999986, 0.15000200000000063, 22.389999, 22.450001, 12-20-2009
0.3333333333333333, 0.6521739130434783,0.26000000000000156, 0.15000200000000063, -0.05000100000000174, 0.11000000000000298, 22.450001, 22.51, 12-21-2009
0.2647058823529412, 0.6024096385542169,0.37999900000000153, 0.30999900000000125, -0.11999899999999997, 0.6999989999999983, 22.879999, 23.459999, 1-1-2010
0.25, 0.6483516483516484,0.7700000000000031, 0.6999989999999983, -0.02999900000000011, 0.2799990000000001, 23.459999, 23.709999, 1-2-2010
0.06060606060606061, 0.5,0.5500009999999982, 0.2799990000000001, -0.07000000000000028, 0.5300010000000022, 23.709999, 24.17, 1-3-2010
0.1111111111111111, 0.5324675324675324,0.9800000000000004, 0.5300010000000022, -0.20000100000000032, 0.23999999999999844, 24.17, 24.209999, 1-4-2010
0.35294117647058826, 0.7045454545454546,0.5200000000000031, 0.23999999999999844, 0.2900010000000002, -0.17999999999999972, 24.209999, 24.32, 1-5-2010
0.2222222222222222, 0.6764705882352942,0.38999899999999954, -0.17999999999999972, -0.14000000000000057, 0.12999900000000153, 24.32, 24.309999, 1-6-2010
0.21739130434782608, 0.6710526315789473,0.5, 0.12999900000000153, -0.01999800000000107, 0.41999799999999965, 24.309999, 24.709999, 1-7-2010
0.10526315789473684, 0.6447368421052632,0.7699980000000011, 0.41999799999999965, -0.1099989999999984, 0.7299999999999969, 24.709999, 25.33, 1-8-2010
0.17391304347826086, 0.589041095890411,0.8799990000000015, 0.7299999999999969, -0.1100009999999969, -0.5999980000000029, 25.33, 24.620001, 1-9-2010
0.4444444444444444, 0.6307692307692307,0.7600000000000016, -0.5999980000000029, -0.13000100000000003, 0.0, 24.620001, 24.49, 1-10-2010
0.15, 0.5384615384615384,0.6799999999999997, 0.0, 0.30999900000000125, 0.21000100000000188, 24.49, 25.01, 1-11-2010
0.2631578947368421, 0.5538461538461539,0.5700000000000003, 0.21000100000000188, 0.20999899999999982, -0.08000000000000185, 25.01, 25.139999, 1-12-2010
0.19047619047619047, 0.6428571428571429,1.0799999999999983, -0.08000000000000185, -0.0799999999999983, -0.38999899999999954, 25.139999, 24.67, 1-13-2010
0.38095238095238093, 0.6538461538461539,2.2699999999999996, -0.38999899999999954, 0.33999999999999986, -0.20000100000000032, 24.67, 24.809999, 1-14-2010
0.2727272727272727, 0.5714285714285714,0.7099989999999998, -0.20000100000000032, -0.4200000000000017, -0.0799999999999983, 24.809999, 24.309999, 1-15-2010
0.3181818181818182, 0.6212121212121212,0.6799999999999997, -0.0799999999999983, -0.13999899999999954, 0.9500009999999968, 24.309999, 25.120001, 1-16-2010
0.5833333333333334, 0.7413793103448276,1.109999000000002, 0.9500009999999968, 0.10999900000000196, -0.240000000000002, 25.120001, 24.99, 1-17-2010
0.3157894736842105, 0.6329113924050633,0.5799999999999983, -0.240000000000002, 0.21000100000000188, -0.12000100000000202, 24.99, 25.08, 1-18-2010
0.1935483870967742, 0.4936708860759494,0.5700000000000003, -0.12000100000000202, 0.07000000000000028, 0.030000000000001137, 25.08, 25.18, 1-19-2010
0.25, 0.5714285714285714,0.4600010000000019, 0.030000000000001137, -0.019999999999999574, -0.28999900000000167, 25.18, 24.870001, 2-1-2010
0.14285714285714285, 0.5,0.5599990000000012, -0.28999900000000167, -0.1100009999999969, -0.30000100000000174, 24.870001, 24.459999, 2-2-2010
0.1, 0.45714285714285713,0.630001, -0.30000100000000174, -0.16999799999999965, -0.6400010000000016, 24.459999, 23.65, 2-3-2010
0.125, 0.6111111111111112,0.7799990000000001, -0.6400010000000016, 0.17999999999999972, 0.1399990000000031, 23.65, 23.969999, 2-4-2010
0.16666666666666666, 0.6578947368421053,0.9699990000000014, 0.1399990000000031, -0.04999899999999968, -0.43000000000000327, 23.969999, 23.49, 2-5-2010
0.0, 0.5217391304347826,0.6200009999999985, -0.43000000000000327, 0.1399990000000031, -0.1399990000000031, 23.49, 23.49, 2-6-2010
0.0, 0.5925925925925926,0.6000009999999989, -0.1399990000000031, -0.02000099999999705, 0.14000199999999907, 23.49, 23.610001, 2-7-2010
0.3076923076923077, 0.625,0.609999000000002, 0.14000199999999907, 0.059999000000001246, -0.18000000000000327, 23.610001, 23.49, 2-8-2010
0.6666666666666666, 0.75,0.41000000000000014, -0.18000000000000327, -0.23999999999999844, 0.010000000000001563, 23.49, 23.26, 2-9-2010
0.2727272727272727, 0.59375,0.4099989999999991, 0.010000000000001563, 0.259999999999998, 0.3400010000000009, 23.26, 23.860001, 2-10-2010
0.5, 0.7692307692307693,0.6600000000000001, 0.3400010000000009, -0.0200010000000006, -0.10999999999999943, 23.860001, 23.73, 2-11-2010
0.36363636363636365, 0.41935483870967744,0.4099989999999991, -0.10999999999999943, -0.1000009999999989, 0.2800009999999986, 23.73, 23.91, 2-12-2010
0.2, 0.6363636363636364,0.4699990000000014, 0.2800009999999986, -0.08000000000000185, 0.30999900000000125, 23.91, 24.139999, 2-13-2010
0.25, 0.4583333333333333,0.44000099999999875, 0.30999900000000125, 0.36000100000000046, 0.04999899999999968, 24.139999, 24.549999, 2-14-2010
0.375, 0.6818181818181818,0.44999899999999826, 0.04999899999999968, -0.11999899999999997, -0.16000000000000014, 24.549999, 24.27, 2-15-2010
0.0, 0.65625,0.4299980000000012, -0.16000000000000014, 0.16000000000000014, 0.3500009999999989, 24.27, 24.780001, 2-16-2010
0.3333333333333333, 0.5172413793103449,0.5300009999999986, 0.3500009999999989, -0.630001, 0.1499990000000011, 24.780001, 24.299999, 2-17-2010
0.6666666666666666, 0.8333333333333334,0.7800009999999986, 0.1499990000000011, -0.08999999999999986, 0.40000200000000063, 24.299999, 24.610001, 2-18-2010
0.3333333333333333, 0.6724137931034483,0.3400010000000009, -0.1100009999999969, 0.33999999999999986, -0.11000000000000298, 24.51, 24.74, 3-1-2010
0.3076923076923077, 0.75,0.33000000000000185, -0.11000000000000298, -0.04999899999999968, -0.040001000000000175, 24.74, 24.65, 3-2-2010
0.2777777777777778, 0.7702702702702703,0.2999989999999997, -0.040001000000000175, 0.020000000000003126, 0.06999999999999673, 24.65, 24.74, 3-3-2010
0.20833333333333334, 0.7549019607843137,0.26000000000000156, 0.06999999999999673, 0.12000100000000202, 0.33999999999999986, 24.74, 25.200001, 3-4-2010
0.11764705882352941, 0.6582278481012658,0.6100010000000005, 0.33999999999999986, -0.05000100000000174, -0.16000000000000014, 25.200001, 24.99, 3-5-2010
0.3225806451612903, 0.640625,0.3199990000000028, -0.16000000000000014, -0.19000099999999875, -0.12999899999999798, 24.99, 24.67, 3-6-2010
0.2608695652173913, 0.6119402985074627,0.35999900000000196, -0.12999899999999798, 0.12999899999999798, 0.16000000000000014, 24.67, 24.959999, 3-7-2010
0.08333333333333333, 0.6296296296296297,0.44000099999999875, 0.16000000000000014, -0.08999800000000135, 0.5999980000000029, 24.959999, 25.469999, 3-8-2010
0.1590909090909091, 0.638095238095238,0.6999999999999993, 0.5999980000000029, 0.22000199999999737, -0.02000099999999705, 25.469999, 25.67, 3-9-2010
0.2777777777777778, 0.6818181818181818,0.44000099999999875, -0.02000099999999705, -0.08000000000000185, 0.3099999999999987, 25.67, 25.9, 3-10-2010
0.4411764705882353, 0.628099173553719,0.5299990000000001, 0.3099999999999987, 0.059999000000001246, 0.16000199999999865, 25.9, 26.120001, 3-11-2010
0.24390243902439024, 0.5597014925373134,0.33999999999999986, 0.16000199999999865, -0.08999999999999986, 0.1799980000000012, 26.120001, 26.209999, 3-12-2010
0.3380281690140845, 0.6714285714285714,0.4200000000000017, 0.1799980000000012, -0.11999899999999997, -0.10000000000000142, 26.209999, 25.99, 3-13-2010
0.17567567567567569, 0.6060606060606061,0.4600010000000019, -0.10000000000000142, 0.1499990000000011, 0.0, 25.99, 26.139999, 3-14-2010
0.16666666666666666, 0.6491228070175439,0.619999, 0.0, -0.25, 0.33000000000000185, 26.139999, 26.219999, 3-15-2010
0.3137254901960784, 0.700507614213198,0.5099980000000031, 0.33000000000000185, 0.010000999999999038, 0.019999999999999574, 26.219999, 26.25, 3-16-2010
0.2857142857142857, 0.5739644970414202,0.35999800000000093, 0.019999999999999574, -0.14999999999999858, 0.09000099999999733, 26.25, 26.190001, 3-17-2010
0.2222222222222222, 0.6272189349112426,0.3500009999999989, 0.09000099999999733, 0.1499990000000011, -0.16999999999999815, 26.190001, 26.17, 3-18-2010
0.3225806451612903, 0.628099173553719,0.5700019999999988, -0.16999999999999815, 0.0799999999999983, -0.20000100000000032, 26.17, 26.049999, 3-19-2010
0.30392156862745096, 0.6366782006920415,0.6100010000000005, -0.20000100000000032, -0.01999800000000107, -0.07000199999999879, 26.049999, 25.959999, 3-20-2010
0.23728813559322035, 0.6,0.3500009999999989, -0.07000199999999879, 0.0200010000000006, -0.11999899999999997, 25.959999, 25.860001, 3-21-2010
0.358974358974359, 0.5961538461538461,0.38999899999999954, -0.11999899999999997, -0.15000200000000063, 0.1700000000000017, 25.860001, 25.879999, 3-22-2010
0.0, 0.5185185185185185,0.3899990000000031, 0.19999899999999826, 0.08000000000000185, 0.1499990000000011, 26.24, 26.469999, 4-1-2010
0.0, 0.43333333333333335,0.33000000000000185, 0.1499990000000011, -0.08999999999999986, 0.7000009999999968, 26.469999, 27.08, 4-2-2010
0.25, 0.6206896551724138,0.8000009999999982, 0.7000009999999968, 0.059999000000001246, -0.4399979999999992, 27.08, 26.700001, 4-3-2010
0.375, 0.6764705882352942,0.739999000000001, -0.4399979999999992, -0.14000199999999907, 0.5700000000000003, 26.700001, 27.129999, 4-4-2010
0.16666666666666666, 0.8181818181818182,0.7900010000000002, 0.5700000000000003, 0.02000099999999705, 0.010000000000001563, 27.129999, 27.16, 4-5-2010
0.14285714285714285, 0.4117647058823529,0.39000099999999804, 0.010000000000001563, 0.04999899999999968, 0.30000100000000174, 27.16, 27.51, 4-6-2010
0.4, 0.5909090909090909,0.490000000000002, 0.30000100000000174, -0.08000000000000185, 0.1000009999999989, 27.51, 27.530001, 4-7-2010
0.2, 0.6666666666666666,0.36999899999999997, 0.1000009999999989, 0.1799980000000012, 0.5400010000000002, 27.530001, 28.25, 4-8-2010
0.0, 0.7307692307692307,0.6499990000000011, 0.5400010000000002, -0.010000000000001563, 0.020000000000003126, 28.25, 28.26, 4-9-2010
0.125, 0.59375,0.41999999999999815, 0.020000000000003126, -0.08000000000000185, -0.7299989999999994, 28.26, 27.450001, 4-10-2010
0.1111111111111111, 0.5714285714285714,1.5899999999999999, -0.7299989999999994, -0.33999999999999986, 0.5, 27.450001, 27.610001, 4-11-2010
0.45454545454545453, 0.56,0.7200009999999999, 0.5, -0.28000100000000216, 0.8799990000000015, 27.610001, 28.209999, 4-12-2010
0.42857142857142855, 0.7368421052631579,1.25, 0.8799990000000015, -0.619999, 0.3500009999999989, 28.209999, 27.940001, 4-13-2010
0.5, 0.6842105263157895,1.0100000000000016, 0.3500009999999989, -0.3000019999999992, -0.26999800000000107, 27.940001, 27.370001, 4-14-2010
0.6, 0.6666666666666666,0.6299990000000015, -0.26999800000000107, 0.00999800000000306, -0.08000000000000185, 27.370001, 27.299999, 4-15-2010
0.1875, 0.5135135135135135,0.4500010000000003, -0.08000000000000185, -0.06999899999999926, -0.35999900000000196, 27.299999, 26.870001, 4-16-2010
0.3, 0.5517241379310345,0.6399989999999995, -0.35999900000000196, -0.21000099999999833, -0.4299999999999997, 26.870001, 26.23, 4-17-2010
0.16666666666666666, 0.68,0.8300000000000018, -0.4299999999999997, 0.34999999999999787, -0.00999999999999801, 26.23, 26.57, 4-18-2010
0.125, 0.5161290322580645,0.5300000000000011, -0.00999999999999801, 0.3000009999999982, 0.4200000000000017, 26.57, 27.290001, 4-19-2010
0.18181818181818182, 0.4090909090909091,0.9299999999999997, 0.4200000000000017, 0.09999799999999937, -0.619999, 27.290001, 26.77, 4-20-2010
0.18309859154929578, 0.7158671586715867,0.5599999999999987, 0.26000000000000156, -0.3499980000000029, -0.37000099999999847, 27.219999, 26.5, 5-1-2010
0.2545454545454545, 0.6203208556149733,0.7700010000000006, -0.37000099999999847, -0.3299999999999983, 0.25, 26.5, 26.42, 5-2-2010
0.21666666666666667, 0.7048192771084337,0.739999000000001, 0.25, -0.16000000000000014, -0.7800000000000011, 26.42, 25.48, 5-3-2010
0.2982456140350877, 0.64,2.2699999999999996, -0.7800000000000011, -0.08000000000000185, -0.25, 25.48, 25.15, 5-4-2010
0.2982456140350877, 0.7078651685393258,1.0599990000000012, -0.25, 1.25, 0.1400010000000016, 25.15, 26.540001, 5-5-2010
0.2835820895522388, 0.6020942408376964,0.6399990000000031, 0.1400010000000016, -0.4500010000000003, 0.5899999999999999, 26.540001, 26.68, 5-6-2010
0.3584905660377358, 0.7115384615384616,1.1000000000000014, 0.5899999999999999, 0.18000100000000074, 0.01999800000000107, 26.68, 26.879999, 5-7-2010
0.22448979591836735, 0.6294117647058823,0.37000099999999847, 0.01999800000000107, -0.12999900000000153, -0.37000099999999847, 26.879999, 26.379999, 5-8-2010
0.23809523809523808, 0.5870646766169154,0.4700009999999999, -0.37000099999999847, -0.25, -0.619999, 26.379999, 25.51, 5-9-2010
0.2857142857142857, 0.7094594594594594,1.009999999999998, -0.619999, 0.03999899999999812, 0.06000200000000078, 25.51, 25.610001, 5-10-2010
0.16279069767441862, 0.7083333333333334,0.6900000000000013, 0.06000200000000078, -0.030001000000002165, -1.2199989999999978, 25.610001, 24.360001, 5-11-2010
0.25, 0.7,1.609998000000001, -1.2199989999999978, -0.14000199999999907, -0.06999900000000281, 24.360001, 24.15, 5-12-2010
0.2727272727272727, 0.6339285714285714,0.7000010000000003, -0.06999900000000281, -0.46999999999999886, -0.4700009999999999, 24.15, 23.209999, 5-13-2010
0.3137254901960784, 0.6266666666666667,0.7699980000000011, -0.4700009999999999, -0.9799989999999994, 1.75, 23.209999, 23.98, 5-14-2010
0.2, 0.63125,1.880001, 1.75, 0.16999999999999815, -0.5599999999999987, 23.98, 23.59, 5-15-2010
0.09836065573770492, 0.645320197044335,0.729999000000003, -0.5599999999999987, -0.7299989999999994, 1.029997999999999, 23.59, 23.889999, 5-16-2010
0.16417910447761194, 0.6509433962264151,1.029997999999999, 1.029997999999999, 0.3200000000000003, -0.5799999999999983, 23.889999, 23.629999, 5-17-2010
0.1917808219178082, 0.5272727272727272,0.8099990000000012, -0.5799999999999983, 0.21000099999999833, 0.5899999999999999, 23.629999, 24.43, 5-18-2010
0.32, 0.6983240223463687,0.7599979999999995, 0.5899999999999999, 0.010000999999999038, -0.48000199999999893, 24.43, 23.959999, 5-19-2010
0.24561403508771928, 0.6585365853658537,0.5900009999999973, -0.48000199999999893, -0.2299989999999994, -0.43999900000000025, 23.959999, 23.290001, 5-20-2010
0.14285714285714285, 0.7058823529411765,0.8500009999999989, -0.43999900000000025, 0.2199990000000014, 0.4799999999999969, 23.290001, 23.99, 6-1-2010
0.375, 0.6896551724137931,0.8499999999999979, 0.4799999999999969, 0.030000000000001137, -0.4499999999999993, 23.99, 23.57, 6-2-2010
0.3, 0.75,0.729999000000003, -0.4499999999999993, -0.5500000000000007, -0.16999999999999815, 23.57, 22.85, 6-3-2010
0.1, 0.6,0.4399980000000028, -0.16999999999999815, 0.14999999999999858, -0.5400010000000002, 22.85, 22.459999, 6-4-2010
0.4444444444444444, 0.7241379310344828,0.6699999999999982, -0.5400010000000002, -0.1099989999999984, 0.389999999999997, 22.459999, 22.74, 6-5-2010
0.2, 0.5161290322580645,0.7200019999999974, 0.389999999999997, 0.20000100000000032, -0.37000099999999847, 22.74, 22.57, 6-6-2010
0.09090909090909091, 0.5,0.629999999999999, -0.37000099999999847, 0.37000099999999847, 0.739999000000001, 22.57, 23.68, 6-7-2010
0.75, 0.56,0.8199990000000028, 0.739999000000001, -0.3299999999999983, -0.040001000000000175, 23.68, 23.309999, 6-8-2010
0.2857142857142857, 0.696969696969697,0.510000999999999, -0.040001000000000175, 0.11000100000000046, -0.6000000000000014, 23.309999, 22.82, 6-9-2010
0.2, 0.5555555555555556,0.6900000000000013, -0.6000000000000014, 0.17999999999999972, 0.20000100000000032, 22.82, 23.200001, 6-10-2010
0.2, 0.5555555555555556,0.4700009999999999, 0.20000100000000032, -0.18000100000000074, 0.1000009999999989, 23.200001, 23.120001, 6-11-2010
0.375, 0.6333333333333333,0.39000099999999804, 0.1000009999999989, 0.0, -0.060001999999997224, 23.120001, 23.059999, 6-12-2010
0.0, 0.55,0.33999999999999986, -0.060001999999997224, 0.1000009999999989, 0.41000000000000014, 23.059999, 23.57, 6-13-2010
0.5, 0.6896551724137931,0.5900010000000009, 0.41000000000000014, 0.2200009999999999, -0.12000099999999847, 23.57, 23.67, 6-14-2010
0.5, 0.7586206896551724,0.41000000000000014, -0.12000099999999847, 0.0799999999999983, -0.20000100000000032, 23.67, 23.549999, 6-15-2010
0.1, 0.72,0.5300009999999986, -0.20000100000000032, -0.009997999999999507, -0.41000199999999865, 23.549999, 23.129999, 6-16-2010
0.5, 0.8,0.6599999999999966, -0.41000199999999865, -0.19999900000000181, -0.31999899999999926, 23.129999, 22.610001, 6-17-2010
0.18181818181818182, 0.5625,0.5599990000000012, -0.31999899999999926, 0.46999899999999784, 0.28000100000000216, 22.610001, 23.360001, 6-18-2010
0.2, 0.5185185185185185,0.7199999999999989, 0.28000100000000216, -0.06000200000000078, -0.18999799999999922, 23.360001, 23.110001, 6-19-2010
0.0, 0.6842105263157895,0.3999999999999986, -0.18999799999999922, -0.11000100000000046, -0.37999900000000153, 23.110001, 22.620001, 6-20-2010
0.5, 0.75,0.7000010000000003, -0.37999900000000153, 0.08000000000000185, -0.3500009999999989, 22.620001, 22.35, 6-21-2010
0.3, 0.6557377049180327,0.8299999999999983, 0.06999999999999673, 0.11000100000000046, -0.5600019999999972, 22.33, 21.879999, 7-1-2010
0.3333333333333333, 0.627906976744186,0.7800000000000011, -0.5600019999999972, 0.4299999999999997, -0.26999800000000107, 21.879999, 22.040001, 7-2-2010
0.7, 0.8620689655172413,0.5500000000000007, -0.26999800000000107, 0.02999900000000011, 0.8599999999999994, 22.040001, 22.93, 7-3-2010
0.08333333333333333, 0.5555555555555556,1.0800000000000018, 0.8599999999999994, 0.19999900000000181, 0.1100009999999969, 22.93, 23.24, 7-4-2010
0.5555555555555556, 0.7272727272727273,0.5, 0.1100009999999969, -0.00999999999999801, 0.6799999999999997, 23.24, 23.91, 7-5-2010
0.125, 0.6206896551724138,0.8800019999999975, 0.6799999999999997, -0.08999999999999986, -0.05000000000000071, 23.91, 23.77, 7-6-2010
0.3333333333333333, 0.6551724137931034,0.36999899999999997, -0.05000000000000071, 0.26000099999999904, 0.3999990000000011, 23.77, 24.43, 7-7-2010
0.42857142857142855, 0.6153846153846154,0.5399990000000017, 0.3999990000000011, -0.10000000000000142, -0.19000099999999875, 24.43, 24.139999, 7-8-2010
0.5333333333333333, 0.6538461538461539,0.40999900000000267, -0.19000099999999875, 0.11000100000000046, 0.14999999999999858, 24.139999, 24.4, 7-9-2010
0.75, 0.7857142857142857,0.8099999999999987, 0.14999999999999858, -0.19999899999999826, -1.1600000000000001, 24.4, 23.040001, 7-10-2010
0.1111111111111111, 0.5185185185185185,1.2399999999999984, -1.1600000000000001, -0.05000100000000174, 0.0, 23.040001, 22.99, 7-11-2010
0.2727272727272727, 0.5217391304347826,0.5899999999999999, 0.0, -0.379998999999998, 0.5399989999999981, 22.99, 23.15, 7-12-2010
0.5, 0.8064516129032258,0.7200009999999999, 0.5399989999999981, 0.5800000000000018, -0.6600000000000001, 23.15, 23.07, 7-13-2010
0.2222222222222222, 0.4838709677419355,1.0, -0.6600000000000001, 0.3299999999999983, 0.26000000000000156, 23.07, 23.66, 7-14-2010
0.42857142857142855, 0.71875,0.6100010000000005, 0.26000000000000156, -0.08000000000000185, 0.12000100000000202, 23.66, 23.700001, 7-15-2010
0.1111111111111111, 0.39285714285714285,0.620001000000002, 0.12000100000000202, 0.03999899999999812, 0.38000100000000003, 23.700001, 24.120001, 7-16-2010
0.5, 0.8,0.5799999999999983, 0.38000100000000003, 0.2199990000000014, -0.030000999999998612, 24.120001, 24.309999, 7-17-2010
0.5714285714285714, 0.782608695652174,0.28999900000000167, -0.030000999999998612, -0.10000000000000142, -0.23999999999999844, 24.309999, 23.969999, 7-18-2010
0.6, 0.7407407407407407,0.4599989999999998, -0.23999999999999844, 0.16000000000000014, -0.18999800000000278, 23.969999, 23.940001, 7-19-2010
0.16666666666666666, 0.4230769230769231,0.6000009999999989, -0.18999800000000278, -0.14000199999999907, 0.1000009999999989, 23.940001, 23.9, 7-20-2010
0.25, 0.6176470588235294,0.48999900000000096, 0.30999900000000125, -0.1700000000000017, -0.12000099999999847, 24.51, 24.219999, 8-1-2010
0.25, 0.65625,0.33999999999999986, -0.12000099999999847, 0.13000100000000003, -0.4200000000000017, 24.219999, 23.93, 8-2-2010
0.4166666666666667, 0.6774193548387096,0.48999900000000096, -0.4200000000000017, -0.17999999999999972, -0.07000000000000028, 23.93, 23.68, 8-3-2010
1.0, 0.8387096774193549,0.41999999999999815, -0.07000000000000028, -0.3000009999999982, -0.16000000000000014, 23.68, 23.219999, 8-4-2010
0.5, 0.7241379310344828,0.5999980000000029, -0.16000000000000014, 0.15000199999999708, 0.26999800000000107, 23.219999, 23.639999, 8-5-2010
0.5, 0.7307692307692307,0.7299989999999994, 0.26999800000000107, -0.26999800000000107, 0.07000000000000028, 23.639999, 23.440001, 8-6-2010
0.2222222222222222, 0.6896551724137931,0.3999990000000011, 0.07000000000000028, -0.3999999999999986, -0.5600009999999997, 23.440001, 22.48, 8-7-2010
0.125, 0.5416666666666666,0.630001, -0.5600009999999997, -0.3099999999999987, 0.27000099999999705, 22.48, 22.440001, 8-8-2010
0.0, 0.6666666666666666,0.44999899999999826, 0.27000099999999705, -0.010000999999999038, -0.21000099999999833, 22.440001, 22.219999, 8-9-2010
0.2222222222222222, 0.6666666666666666,0.41000000000000014, -0.21000099999999833, -0.11999899999999997, 0.02999900000000011, 22.219999, 22.129999, 8-10-2010
0.1, 0.48484848484848486,0.33999999999999986, 0.02999900000000011, 0.16999999999999815, 0.010000000000001563, 22.129999, 22.309999, 8-11-2010
0.2, 0.6206896551724138,0.520000999999997, 0.010000000000001563, -0.03999900000000167, 0.129999999999999, 22.309999, 22.4, 8-12-2010
0.14285714285714285, 0.625,0.28000000000000114, 0.129999999999999, -0.1000009999999989, -0.5799999999999983, 22.4, 21.719999, 8-13-2010
0.5, 0.6285714285714286,0.6999989999999983, -0.5799999999999983, -0.08999999999999986, 0.1100009999999969, 21.719999, 21.74, 8-14-2010
0.5, 0.631578947368421,0.2800009999999986, 0.1100009999999969, 0.11000000000000298, -0.2200009999999999, 21.74, 21.629999, 8-15-2010
0.0, 0.72,0.4099989999999991, -0.2200009999999999, -0.28999900000000167, -0.030000999999998612, 21.629999, 21.309999, 8-16-2010
0.14285714285714285, 0.5,0.3500000000000014, -0.030000999999998612, -0.08999999999999986, 0.0, 21.309999, 21.219999, 8-17-2010
0.6, 0.84,0.43000100000000074, 0.0, 0.060001999999997224, -0.3100019999999972, 21.219999, 20.969999, 8-18-2010
0.25, 0.6129032258064516,0.5899999999999999, -0.3100019999999972, 0.12000099999999847, 0.5700000000000003, 20.969999, 21.66, 8-19-2010
0.2, 0.6486486486486487,0.7399999999999984, 0.5700000000000003, -0.12999900000000153, -0.8200019999999988, 21.66, 20.709999, 8-20-2010
0.08333333333333333, 0.46153846153846156,0.9399980000000028, -0.8200019999999988, -0.14999999999999858, 0.23999999999999844, 20.709999, 20.799999, 8-21-2010
0.1111111111111111, 0.5925925925925926,0.7800009999999986, 0.7099989999999998, 0.11000100000000046, 0.20000099999999676, 21.809999, 22.120001, 9-1-2010
0.0, 0.6190476190476191,0.3299999999999983, 0.20000099999999676, 0.16000000000000014, 0.3899990000000031, 22.120001, 22.67, 9-2-2010
0.2857142857142857, 0.5925925925925926,0.4200000000000017, 0.3899990000000031, -0.25, -0.19000000000000128, 22.67, 22.23, 9-3-2010
0.25, 0.6923076923076923,0.3500009999999989, -0.19000000000000128, 0.030000000000001137, 0.05999999999999872, 22.23, 22.32, 9-4-2010
0.8, 0.782608695652174,0.37000099999999847, 0.05999999999999872, 0.35999999999999943, -0.030000000000001137, 22.32, 22.65, 9-5-2010
0.5, 0.7,0.5599990000000012, -0.030000000000001137, -0.02000099999999705, 0.0, 22.65, 22.629999, 9-6-2010
0.42857142857142855, 0.6486486486486487,0.33999999999999986, 0.0, 0.46000099999999833, 0.2800009999999986, 22.629999, 23.370001, 9-7-2010
0.4, 0.48148148148148145,0.46000099999999833, 0.2800009999999986, -0.12000099999999847, 0.010000000000001563, 23.370001, 23.26, 9-8-2010
0.0, 0.55,0.46000099999999833, 0.010000000000001563, -0.370001000000002, -0.21999899999999784, 23.26, 22.67, 9-9-2010
0.4, 0.5217391304347826,0.47999900000000295, -0.21999899999999784, -0.049999000000003235, 0.08000000000000185, 22.67, 22.700001, 9-10-2010
0.2, 0.5,0.3299999999999983, 0.08000000000000185, 0.06999899999999926, 0.03999900000000167, 22.700001, 22.809999, 9-11-2010
0.16666666666666666, 0.7916666666666666,0.28999900000000167, 0.03999900000000167, 0.040001000000000175, 0.4300009999999972, 22.809999, 23.280001, 9-12-2010
0.0, 0.2857142857142857,0.5900010000000009, 0.4300009999999972, 0.010000000000001563, -0.4200000000000017, 23.280001, 22.870001, 9-13-2010
0.06666666666666667, 0.5483870967741935,0.8000010000000017, -0.4200000000000017, -0.1000009999999989, -0.25, 22.870001, 22.52, 9-14-2010
0.3, 0.6333333333333333,0.7099989999999998, -0.25, -0.31000099999999975, -0.38999899999999954, 22.52, 21.82, 9-15-2010
0.3333333333333333, 0.64,0.619999, -0.38999899999999954, 0.2200009999999999, 0.36999899999999997, 21.82, 22.41, 9-16-2010
0.25, 0.6486486486486487,0.4200000000000017, 0.36999899999999997, 0.040001000000000175, -0.5899999999999999, 22.41, 21.860001, 9-17-2010
0.09090909090909091, 0.4166666666666667,0.7000010000000003, -0.5899999999999999, 0.00999999999999801, -0.040001000000000175, 21.860001, 21.83, 9-18-2010
0.42857142857142855, 0.65,0.3500009999999989, -0.040001000000000175, -0.13999899999999954, -0.02000099999999705, 21.83, 21.67, 9-19-2010
0.15384615384615385, 0.65,0.3099999999999987, -0.02000099999999705, 0.19000099999999875, -0.240000000000002, 21.67, 21.620001, 9-20-2010
0.14285714285714285, 0.5909090909090909,0.38999899999999954, -0.06000099999999975, -0.0799999999999983, -0.00999800000000306, 21.709999, 21.620001, 10-1-2010
0.16666666666666666, 0.625,0.2900010000000002, -0.00999800000000306, 0.2799990000000001, 0.4400000000000013, 21.620001, 22.34, 10-2-2010
0.1, 0.47619047619047616,0.8500009999999989, 0.4400000000000013, -0.010000000000001563, 0.08000000000000185, 22.34, 22.41, 10-3-2010
0.3333333333333333, 0.6206896551724138,0.23999900000000096, 0.08000000000000185, 0.10999999999999943, -0.15999899999999911, 22.41, 22.360001, 10-4-2010
0.0, 0.5789473684210527,0.5399999999999991, -0.15999899999999911, 0.00999999999999801, -0.060001999999997224, 22.360001, 22.309999, 10-5-2010
0.5, 0.5806451612903226,0.36999899999999997, -0.060001999999997224, 0.040001000000000175, -0.10000000000000142, 22.309999, 22.25, 10-6-2010
0.26666666666666666, 0.6756756756756757,0.3400010000000009, -0.10000000000000142, -0.08999999999999986, 0.7199990000000014, 22.25, 22.879999, 10-7-2010
0.2727272727272727, 0.6666666666666666,0.7699999999999996, 0.7199990000000014, 0.16000199999999865, -0.17999999999999972, 22.879999, 22.860001, 10-8-2010
0.25, 0.7777777777777778,0.6800010000000007, -0.17999999999999972, -0.09000100000000089, -0.1999999999999993, 22.860001, 22.57, 10-9-2010
0.25, 0.6538461538461539,0.6099999999999994, -0.1999999999999993, 0.13999899999999954, -0.16999799999999965, 22.57, 22.540001, 10-10-2010
0.25, 0.5909090909090909,0.8700009999999985, -0.16999799999999965, -0.030000999999998612, 0.6499999999999986, 22.540001, 23.16, 10-11-2010
0.2, 0.7586206896551724,0.6499999999999986, 0.6499999999999986, -0.2199990000000014, -0.1300019999999975, 23.16, 22.809999, 10-12-2010
0.13333333333333333, 0.5555555555555556,0.6600019999999986, -0.1300019999999975, 0.14999999999999858, -0.12999900000000153, 22.809999, 22.83, 10-13-2010
0.6666666666666666, 0.8275862068965517,0.4400000000000013, -0.12999900000000153, 0.1399990000000031, 0.39000199999999907, 22.83, 23.360001, 10-14-2010
0.15789473684210525, 0.5490196078431373,0.6499990000000011, 0.39000199999999907, 0.20999899999999982, 0.019999999999999574, 23.360001, 23.59, 10-15-2010
0.16666666666666666, 0.8,0.6200009999999985, 0.019999999999999574, 0.19000099999999875, -0.3100019999999972, 23.59, 23.469999, 10-16-2010
0.42857142857142855, 0.64,0.3600009999999969, -0.3100019999999972, -0.30999900000000125, 0.7800009999999986, 23.469999, 23.940001, 10-17-2010
0.1111111111111111, 0.55,0.8300000000000018, 0.7800009999999986, 0.08999999999999986, 0.30999900000000125, 23.940001, 24.34, 10-18-2010
0.2857142857142857, 0.631578947368421,0.4200000000000017, 0.30999900000000125, 0.12999900000000153, -0.28999900000000167, 24.34, 24.18, 10-19-2010
0.16666666666666666, 0.5925925925925926,0.7000010000000003, -0.28999900000000167, -0.10999999999999943, 0.13000100000000003, 24.18, 24.200001, 10-20-2010
0.1875, 0.48484848484848486,0.6999999999999993, -0.2700010000000006, 0.23000000000000043, -0.36000100000000046, 23.93, 23.799999, 11-1-2010
0.375, 0.7307692307692307,0.5299980000000026, -0.36000100000000046, 0.08999999999999986, 0.16000000000000014, 23.799999, 24.049999, 11-2-2010
0.0625, 0.5161290322580645,0.510000999999999, 0.16000000000000014, 0.16000000000000014, 0.9500010000000003, 24.049999, 25.16, 11-3-2010
0.14285714285714285, 0.6153846153846154,1.1399989999999995, 0.9500010000000003, 0.0799999999999983, 0.860000000000003, 25.16, 26.1, 11-4-2010
0.3333333333333333, 0.6764705882352942,1.2099989999999998, 0.860000000000003, -0.08000000000000185, -0.31999899999999926, 26.1, 25.700001, 11-5-2010
0.3333333333333333, 0.5333333333333333,0.75, -0.31999899999999926, -0.08000000000000185, -0.41000199999999865, 25.700001, 25.209999, 11-6-2010
0.125, 0.5333333333333333,0.6699999999999982, -0.41000199999999865, 0.08999999999999986, 0.21000100000000188, 25.209999, 25.51, 11-7-2010
0.5454545454545454, 0.6956521739130435,0.7099989999999998, 0.21000100000000188, -0.240000000000002, -0.08999999999999986, 25.51, 25.18, 11-8-2010
0.16666666666666666, 0.6,0.4599989999999998, -0.08999999999999986, -0.13999899999999954, -0.4200000000000017, 25.18, 24.620001, 11-9-2010
0.0, 0.5666666666666667,0.6899980000000028, -0.4200000000000017, 0.12999900000000153, 0.19000099999999875, 24.620001, 24.940001, 11-10-2010
0.06666666666666667, 0.5135135135135135,0.6799980000000012, 0.19000099999999875, -0.21000099999999833, -0.010000999999999038, 24.940001, 24.719999, 11-11-2010
0.2222222222222222, 0.5454545454545454,0.5800000000000018, -0.010000999999999038, -0.010000000000001563, 0.0200010000000006, 24.719999, 24.73, 11-12-2010
0.25, 0.68,0.3999999999999986, 0.0200010000000006, 0.21000099999999833, 0.06999900000000281, 24.73, 25.01, 11-13-2010
0.5, 0.6176470588235294,0.4400000000000013, 0.06999900000000281, -0.08000000000000185, -0.059999000000001246, 25.01, 24.870001, 11-14-2010
0.15384615384615385, 0.5416666666666666,0.28999900000000167, -0.059999000000001246, -0.21000099999999833, -0.010000000000001563, 24.870001, 24.65, 11-15-2010
0.3333333333333333, 0.6,0.37000099999999847, -0.010000000000001563, -0.27000099999999705, -0.29999900000000324, 24.65, 24.08, 11-16-2010
0.45454545454545453, 0.6571428571428571,0.4700009999999999, -0.29999900000000324, 0.12999900000000153, -0.03999899999999812, 24.08, 24.17, 11-17-2010
0.3333333333333333, 0.6923076923076923,0.3500000000000014, -0.03999899999999812, -0.1700000000000017, -0.030000999999998612, 24.17, 23.969999, 11-18-2010
0.2222222222222222, 0.5882352941176471,0.33999999999999986, -0.030000999999998612, -0.23999900000000096, 0.370000000000001, 23.969999, 24.1, 11-19-2010
0.06666666666666667, 0.3103448275862069,0.5400010000000002, 0.370000000000001, -0.11000000000000298, -0.20999899999999982, 24.1, 23.780001, 11-20-2010
0.25, 0.6551724137931034,0.3500009999999989, 0.09999799999999937, 0.0200010000000006, 0.5300000000000011, 24.209999, 24.76, 12-1-2010
0.4, 0.6428571428571429,0.8399999999999999, 0.5300000000000011, -0.11000000000000298, 0.11000000000000298, 24.76, 24.76, 12-2-2010
0.07142857142857142, 0.45454545454545453,0.3500000000000014, 0.11000000000000298, -0.1700000000000017, 0.05999999999999872, 24.76, 24.65, 12-3-2010
0.3333333333333333, 0.6071428571428571,0.3200000000000003, 0.05999999999999872, 0.22999900000000295, -0.5099980000000031, 24.65, 24.370001, 12-4-2010
0.2, 0.6,0.8199999999999967, -0.5099980000000031, 0.08000000000000185, 0.7199990000000014, 24.370001, 25.17, 12-5-2010
0.23529411764705882, 0.6060606060606061,0.7900010000000002, 0.7199990000000014, 0.20999899999999982, 0.46000099999999833, 25.17, 25.84, 12-6-2010
0.4166666666666667, 0.7105263157894737,0.6899980000000028, 0.46000099999999833, 0.030000999999998612, 0.5800000000000018, 25.84, 26.450001, 12-7-2010
0.45454545454545453, 0.6486486486486487,0.8499980000000029, 0.5800000000000018, 0.009997999999999507, -0.2799990000000001, 26.450001, 26.18, 12-8-2010
0.5, 0.8275862068965517,0.3899990000000031, -0.2799990000000001, 0.02999900000000011, -0.26999800000000107, 26.18, 25.940001, 12-9-2010
0.2857142857142857, 0.68,0.6100010000000005, -0.26999800000000107, -0.040001000000000175, -0.1000009999999989, 25.940001, 25.799999, 12-10-2010
0.16666666666666666, 0.5666666666666667,0.520000999999997, -0.1000009999999989, 0.0, 0.30000100000000174, 25.799999, 26.1, 12-11-2010
0.125, 0.6666666666666666,0.5099979999999995, 0.30000100000000174, -0.040001000000000175, 0.14000199999999907, 26.1, 26.200001, 12-12-2010
0.08333333333333333, 0.6857142857142857,0.41999999999999815, 0.14000199999999907, -0.030000999999998612, -0.030001000000002165, 26.200001, 26.139999, 12-13-2010
0.2, 0.5,0.25, -0.030001000000002165, 0.16000000000000014, 0.26000000000000156, 26.139999, 26.559999, 12-14-2010
0.09090909090909091, 0.5,0.5899999999999999, 0.26000000000000156, 0.07000000000000028, 0.3200019999999988, 26.559999, 26.950001, 12-15-2010
0.25, 0.5769230769230769,0.6700000000000017, 0.3200019999999988, 0.009997999999999507, 0.06000099999999975, 26.950001, 27.02, 12-16-2010
0.3076923076923077, 0.6666666666666666,0.2999989999999997, 0.06000099999999975, -0.15999899999999911, 0.259999999999998, 27.02, 27.120001, 12-17-2010
0.125, 0.5666666666666667,0.33999999999999986, 0.259999999999998, 0.0, 0.059999000000001246, 27.120001, 27.18, 12-18-2010
0.6, 0.76,0.2599979999999995, 0.059999000000001246, -0.12000099999999847, -0.029998000000002634, 27.18, 27.030001, 12-19-2010
0.6, 0.631578947368421,0.23999999999999844, -0.029998000000002634, 0.0, -0.08999999999999986, 27.030001, 26.940001, 12-20-2010
0.2, 0.5909090909090909,0.4799999999999969, -0.26000000000000156, -0.010000999999999038, -0.16999999999999815, 26.940001, 26.76, 1-1-2011
0.18181818181818182, 0.53125,0.4200000000000017, -0.16999999999999815, -0.16000000000000014, 0.21999999999999886, 26.76, 26.82, 1-2-2011
0.16666666666666666, 0.5833333333333334,0.490000000000002, 0.21999999999999886, 0.059999000000001246, -0.5899980000000014, 26.82, 26.290001, 1-3-2011
0.3333333333333333, 0.76,0.7800009999999986, -0.5899980000000014, -0.010000000000001563, -0.19000099999999875, 26.290001, 26.09, 1-4-2011
0.08333333333333333, 0.5,0.8000010000000017, -0.19000099999999875, -0.12000099999999847, 0.2800009999999986, 26.09, 26.25, 1-5-2011
0.38461538461538464, 0.5581395348837209,0.619999, 0.2800009999999986, 0.20000100000000032, -0.40000200000000063, 26.25, 26.049999, 1-6-2011
0.6666666666666666, 0.7692307692307693,0.6699999999999982, -0.40000200000000063, 0.23000199999999893, 0.41000000000000014, 26.049999, 26.690001, 1-7-2011
0.09090909090909091, 0.625,0.639999999999997, 0.41000000000000014, 0.20999899999999982, -0.14999999999999858, 26.690001, 26.75, 1-8-2011
0.42857142857142855, 0.6829268292682927,0.5599990000000012, -0.14999999999999858, -0.059999000000001246, 0.6799999999999997, 26.75, 27.370001, 1-9-2011
0.058823529411764705, 0.4166666666666667,0.8300000000000018, 0.6799999999999997, 0.1499990000000011, -0.21000099999999833, 27.370001, 27.309999, 1-10-2011
0.047619047619047616, 0.47619047619047616,0.5500009999999982, -0.21000099999999833, -0.10000000000000142, -0.6899990000000003, 27.309999, 26.52, 1-11-2011
0.0, 0.6451612903225806,0.9599989999999998, -0.6899990000000003, -0.259999999999998, 0.44000099999999875, 26.52, 26.700001, 1-12-2011
0.14285714285714285, 0.64,0.6100010000000005, 0.44000099999999875, 0.41000000000000014, -0.15000200000000063, 26.700001, 26.959999, 1-13-2011
0.0, 0.75,0.46999999999999886, -0.15000200000000063, -0.5399989999999981, 0.41999999999999815, 26.959999, 26.84, 1-14-2011
0.1, 0.6571428571428571,0.6399989999999995, 0.41999999999999815, -0.08999999999999986, 0.010000000000001563, 26.84, 26.76, 1-15-2011
0.07692307692307693, 0.6388888888888888,0.6100010000000005, 0.010000000000001563, 0.03999899999999812, -0.19999899999999826, 26.76, 26.6, 1-16-2011
0.14285714285714285, 0.7096774193548387,0.41000000000000014, -0.19999899999999826, -0.010000000000001563, 0.36999899999999997, 26.6, 26.959999, 1-17-2011
0.25, 0.5,0.5899999999999999, 0.36999899999999997, 0.0, -0.16000000000000014, 26.959999, 26.799999, 1-18-2011
0.23529411764705882, 0.5135135135135135,0.48999999999999844, -0.16000000000000014, 0.010000000000001563, 0.19000099999999875, 26.799999, 27.0, 1-19-2011
0.7142857142857143, 0.75,0.7300000000000004, 0.6000009999999989, -0.3200000000000003, 0.04999899999999968, 27.66, 27.389999, 2-1-2011
0.4, 0.68,0.4599989999999998, 0.04999899999999968, -0.059999000000001246, 0.1399990000000031, 27.389999, 27.469999, 2-2-2011
0.5, 0.625,0.38000100000000003, 0.1399990000000031, -0.08000000000000185, 0.030001000000002165, 27.469999, 27.42, 2-3-2011
0.18181818181818182, 0.6666666666666666,0.5599990000000012, 0.030001000000002165, 0.04999899999999968, 0.48000199999999893, 27.42, 27.950001, 2-4-2011
0.25, 0.65,0.6199980000000025, 0.48000199999999893, 0.059999000000001246, 0.20999899999999982, 27.950001, 28.219999, 2-5-2011
0.1111111111111111, 0.5806451612903226,0.46000099999999833, 0.20999899999999982, -0.12999900000000153, -0.04999899999999968, 28.219999, 28.040001, 2-6-2011
0.3333333333333333, 0.6551724137931034,0.41999999999999815, -0.04999899999999968, -0.12000099999999847, -0.059999000000001246, 28.040001, 27.860001, 2-7-2011
0.42857142857142855, 0.7837837837837838,0.3999990000000011, -0.059999000000001246, -0.3100020000000008, 0.8200019999999988, 27.860001, 28.370001, 2-8-2011
0.4, 0.6052631578947368,1.0899999999999999, 0.8200019999999988, 0.02999900000000011, 0.28000000000000114, 28.370001, 28.68, 2-9-2011
0.0, 0.7631578947368421,0.4599989999999998, 0.28000000000000114, -0.08999999999999986, 0.05999999999999872, 28.68, 28.65, 2-10-2011
0.3333333333333333, 0.6666666666666666,0.33999999999999986, 0.05999999999999872, 0.08999999999999986, -0.03999899999999812, 28.65, 28.700001, 2-11-2011
0.25, 0.7428571428571429,0.48999999999999844, -0.03999899999999812, -0.08000000000000185, -0.259999999999998, 28.700001, 28.360001, 2-12-2011
0.2, 0.6388888888888888,0.3299999999999983, -0.259999999999998, 0.00999999999999801, 0.18999800000000278, 28.360001, 28.559999, 2-13-2011
0.16666666666666666, 0.4722222222222222,0.4200000000000017, 0.18999800000000278, -0.6499990000000011, -0.2199990000000014, 28.559999, 27.690001, 2-14-2011
0.4, 0.6666666666666666,0.5300009999999986, -0.2199990000000014, -0.040001000000000175, -0.129999999999999, 27.690001, 27.52, 2-15-2011
0.4, 0.6571428571428571,0.8200000000000003, -0.129999999999999, -0.09999999999999787, 0.0799999999999983, 27.52, 27.5, 2-16-2011
0.36363636363636365, 0.5945945945945946,0.5, 0.0799999999999983, 0.1700000000000017, -0.15000000000000213, 27.5, 27.52, 2-17-2011
0.3, 0.5,0.41000000000000014, -0.15000000000000213, 0.09000100000000089, 0.11999899999999997, 27.52, 27.73, 2-18-2011
0.5, 0.65625,0.8199990000000028, -0.6700000000000017, 0.07000000000000028, -0.34000099999999733, 27.120001, 26.85, 3-1-2011
0.15, 0.65625,0.5100000000000016, -0.34000099999999733, 0.22999999999999687, 0.4600010000000019, 26.85, 27.540001, 3-2-2011
0.4, 0.7037037037037037,0.7100010000000019, 0.4600010000000019, -0.10000000000000142, -0.3999999999999986, 27.540001, 27.040001, 3-3-2011
0.3, 0.4857142857142857,0.8299999999999983, -0.3999999999999986, 0.14999999999999858, -0.2900010000000002, 27.040001, 26.9, 3-4-2011
0.2857142857142857, 0.3548387096774194,0.510000999999999, -0.2900010000000002, 0.20000000000000284, 0.6499999999999986, 26.9, 27.75, 3-5-2011
0.0, 0.75,0.8399999999999999, 0.6499999999999986, -0.12000099999999847, 0.16999999999999815, 27.75, 27.799999, 3-6-2011
0.3, 0.5714285714285714,0.47000199999999737, 0.16999999999999815, -0.34999799999999937, -0.2700010000000006, 27.799999, 27.18, 3-7-2011
0.42857142857142855, 0.5517241379310345,0.4299999999999997, -0.2700010000000006, -0.0799999999999983, 0.05999999999999872, 27.18, 27.16, 3-8-2011
0.25, 0.5185185185185185,0.4299999999999997, 0.05999999999999872, -0.20000100000000032, -0.08999800000000135, 27.16, 26.870001, 3-9-2011
0.3, 0.6896551724137931,0.5599990000000012, -0.08999800000000135, -0.7400019999999969, 0.5799999999999983, 26.870001, 26.709999, 3-10-2011
0.07692307692307693, 0.6111111111111112,0.8000009999999982, 0.5799999999999983, -0.02999900000000011, -0.5300000000000011, 26.709999, 26.15, 3-11-2011
0.25, 0.65625,0.8299999999999983, -0.5300000000000011, 0.370000000000001, -0.16999999999999815, 26.15, 26.35, 3-12-2011
0.2, 0.4782608695652174,0.9200000000000017, -0.16999999999999815, 0.3999999999999986, -0.10000000000000142, 26.35, 26.65, 3-13-2011
0.4, 0.7333333333333333,0.6499990000000011, -0.10000000000000142, 0.40999900000000267, -0.4599989999999998, 26.65, 26.6, 3-14-2011
0.09090909090909091, 0.5833333333333334,0.6599999999999966, -0.4599989999999998, 0.02999900000000011, -0.1700000000000017, 26.6, 26.459999, 3-15-2011
0.15384615384615385, 0.6486486486486487,0.4299999999999997, -0.1700000000000017, -0.07000000000000028, 0.06000200000000078, 26.459999, 26.450001, 3-16-2011
0.2222222222222222, 0.6176470588235294,0.5, 0.06000200000000078, 0.2599979999999995, -0.02999900000000011, 26.450001, 26.68, 3-17-2011
0.125, 0.6122448979591837,0.28999900000000167, -0.02999900000000011, 0.07000000000000028, 0.1700000000000017, 26.68, 26.92, 3-18-2011
0.16666666666666666, 0.6666666666666666,0.35999800000000093, 0.1700000000000017, 0.06999999999999673, -0.11999899999999997, 26.92, 26.870001, 3-19-2011
0.36363636363636365, 0.6428571428571429,0.2200009999999999, -0.11999899999999997, -0.14000099999999804, -0.08000000000000185, 26.870001, 26.65, 3-20-2011
0.0625, 0.6111111111111112,0.16000000000000014, -0.08000000000000185, 0.1400010000000016, -0.11000100000000046, 26.65, 26.68, 3-21-2011
0.3076923076923077, 0.5777777777777777,0.20000100000000032, -0.11000100000000046, -0.1499990000000011, -0.1000009999999989, 26.68, 26.43, 3-22-2011
0.14285714285714285, 0.43333333333333335,0.23000000000000043, -0.05000000000000071, 0.07000000000000028, -0.14999999999999858, 26.68, 26.6, 4-1-2011
0.5294117647058824, 0.675,0.3000009999999982, -0.14999999999999858, -0.10000000000000142, 0.010000000000001563, 26.6, 26.51, 4-2-2011
0.2631578947368421, 0.5116279069767442,0.2199990000000014, 0.010000000000001563, 0.13999999999999702, 0.25, 26.51, 26.9, 4-3-2011
0.36363636363636365, 0.6388888888888888,0.47999900000000295, 0.25, 0.06999900000000281, -0.5399990000000017, 26.9, 26.43, 4-4-2011
0.2857142857142857, 0.5384615384615384,0.7199990000000014, -0.5399990000000017, 0.11000100000000046, -0.36000100000000046, 26.43, 26.18, 4-5-2011
0.125, 0.5588235294117647,0.5500010000000017, -0.36000100000000046, -0.06999899999999926, -0.0200010000000006, 26.18, 26.09, 4-6-2011
0.13333333333333333, 0.5,0.36000100000000046, -0.0200010000000006, -0.1499990000000011, 0.4200000000000017, 26.09, 26.360001, 4-7-2011
0.42857142857142855, 0.6470588235294118,0.6499990000000011, 0.4200000000000017, 0.1999980000000008, -0.5699990000000028, 26.360001, 25.99, 4-8-2011
0.375, 0.625,0.6399989999999995, -0.5699990000000028, -0.12999899999999798, -0.0200010000000006, 25.99, 25.84, 4-9-2011
0.4, 0.4857142857142857,0.389999999999997, -0.0200010000000006, 0.11999899999999997, -0.02999900000000011, 25.84, 25.93, 4-10-2011
0.5555555555555556, 0.7666666666666667,0.23000199999999893, -0.02999900000000011, -0.25, -0.12000099999999847, 25.93, 25.559999, 4-11-2011
0.2727272727272727, 0.5714285714285714,0.3500009999999989, -0.12000099999999847, 0.26000099999999904, -0.5700000000000003, 25.559999, 25.25, 4-12-2011
0.3333333333333333, 0.6774193548387096,0.8600010000000005, -0.5700000000000003, 0.2900010000000002, -0.7000010000000003, 25.25, 24.84, 4-13-2011
0.5714285714285714, 0.5853658536585366,0.8300020000000004, -0.7000010000000003, 0.14000000000000057, 0.16999999999999815, 24.84, 25.15, 4-14-2011
0.5, 0.6216216216216216,0.48000199999999893, 0.16999999999999815, 0.010000000000001563, -0.11000100000000046, 25.15, 25.049999, 4-15-2011
0.0, 0.5151515151515151,0.2899989999999981, -0.11000100000000046, 0.1000009999999989, -0.1099989999999984, 25.049999, 25.040001, 4-16-2011
0.23076923076923078, 0.6666666666666666,0.2900010000000002, -0.1099989999999984, 0.6099989999999984, -0.1000009999999989, 25.040001, 25.549999, 4-17-2011
0.3, 0.4857142857142857,0.3999999999999986, -0.1000009999999989, -0.09999799999999937, 0.02999900000000011, 25.549999, 25.48, 4-18-2011
1.0, 0.65,0.31999899999999926, 0.02999900000000011, -0.010000999999999038, 0.3500009999999989, 25.48, 25.82, 4-19-2011
0.2, 0.6333333333333333,0.4399980000000028, -0.23000000000000043, 0.03999900000000167, 0.08999999999999986, 25.68, 25.809999, 5-1-2011
0.2, 0.7692307692307693,0.3200000000000003, 0.08999999999999986, -0.01999800000000107, -0.25, 25.809999, 25.540001, 5-2-2011
0.3333333333333333, 0.5853658536585366,0.4499980000000008, -0.25, -0.08000200000000035, -0.2599979999999995, 25.540001, 25.200001, 5-3-2011
0.2857142857142857, 0.696969696969697,0.4699990000000014, -0.2599979999999995, 0.2599979999999995, -0.26999800000000107, 25.200001, 25.190001, 5-4-2011
0.4, 0.5,0.46999999999999886, -0.26999800000000107, 0.04999899999999968, 0.010000000000001563, 25.190001, 25.25, 5-5-2011
0.2, 0.5652173913043478,0.3000000000000007, 0.010000000000001563, 0.0, 0.4299999999999997, 25.25, 25.68, 5-6-2011
0.2857142857142857, 0.6744186046511628,0.48999999999999844, 0.4299999999999997, -0.13999899999999954, -0.3500000000000014, 25.68, 25.190001, 5-7-2011
0.2727272727272727, 0.6666666666666666,0.5599999999999987, -0.3500000000000014, -0.010000999999999038, 0.14999999999999858, 25.190001, 25.33, 5-8-2011
0.0, 0.6875,0.5600019999999972, 0.14999999999999858, -0.00999999999999801, -0.3000000000000007, 25.33, 25.02, 5-9-2011
0.2857142857142857, 0.6764705882352942,0.5, -0.3000000000000007, -0.19000000000000128, 0.2199990000000014, 25.02, 25.049999, 5-10-2011
0.3, 0.5555555555555556,0.6600000000000001, 0.2199990000000014, -0.059999000000001246, 0.6000000000000014, 25.049999, 25.59, 5-11-2011
0.36363636363636365, 0.6296296296296297,0.7199990000000014, 0.6000000000000014, -0.030000999999998612, 0.1800009999999972, 25.59, 25.74, 5-12-2011
0.3333333333333333, 0.5454545454545454,0.39000099999999804, 0.1800009999999972, 0.10000000000000142, -0.030000999999998612, 25.74, 25.809999, 5-13-2011
0.0, 0.6071428571428571,0.2999989999999997, -0.030000999999998612, -0.029998000000002634, -0.5799999999999983, 25.809999, 25.200001, 5-14-2011
0.2, 0.7857142857142857,0.7100009999999983, -0.5799999999999983, -0.26000000000000156, -0.010000999999999038, 25.200001, 24.93, 5-15-2011
0.42857142857142855, 0.6,0.27000099999999705, -0.010000999999999038, 0.0200010000000006, 0.009997999999999507, 24.93, 24.959999, 5-16-2011
0.6, 0.625,0.2299989999999994, 0.009997999999999507, -0.1099989999999984, 0.05999999999999872, 24.959999, 24.91, 5-17-2011
0.2, 0.7096774193548387,0.2999989999999997, 0.05999999999999872, -0.03999900000000167, 0.08000000000000185, 24.91, 24.950001, 5-18-2011
0.5, 0.7058823529411765,0.2799990000000001, 0.08000000000000185, 0.11999899999999997, 0.3500000000000014, 24.950001, 25.42, 5-19-2011
0.1, 0.675,0.5400010000000002, 0.3500000000000014, 0.2800009999999986, -0.1000009999999989, 25.42, 25.6, 5-20-2011
0.14285714285714285, 0.675,0.8299999999999983, -0.7799990000000001, 0.06999899999999926, -0.03999999999999915, 24.700001, 24.73, 6-1-2011
0.3333333333333333, 0.6,0.3499980000000029, -0.03999999999999915, -0.39000000000000057, 0.20999899999999982, 24.73, 24.549999, 6-2-2011
0.0, 0.5714285714285714,0.5400010000000002, 0.20999899999999982, -0.10999800000000093, -0.3299999999999983, 24.549999, 24.110001, 6-3-2011
0.14285714285714285, 0.7272727272727273,0.6100010000000005, -0.3299999999999983, 0.06999899999999926, -0.3299999999999983, 24.110001, 23.85, 6-4-2011
0.23076923076923078, 0.6341463414634146,0.6099989999999984, -0.3299999999999983, -0.08999999999999986, 0.20999899999999982, 23.85, 23.969999, 6-5-2011
0.2, 0.5714285714285714,0.5799999999999983, 0.20999899999999982, 0.12000099999999847, 0.3200000000000003, 23.969999, 24.41, 6-6-2011
0.5, 0.6363636363636364,0.6499990000000011, 0.3200000000000003, -0.16000000000000014, 0.0799999999999983, 24.41, 24.33, 6-7-2011
0.1, 0.6153846153846154,0.6700000000000017, 0.0799999999999983, 0.12000100000000202, -0.14000199999999907, 24.33, 24.309999, 6-8-2011
0.38461538461538464, 0.6341463414634146,0.370001000000002, -0.14000199999999907, 0.27000099999999705, -0.0799999999999983, 24.309999, 24.5, 6-9-2011
0.14285714285714285, 0.6511627906976745,0.26000099999999904, -0.0799999999999983, -0.17999999999999972, -0.33000000000000185, 24.5, 23.99, 6-10-2011
0.125, 0.4230769230769231,0.6600000000000001, -0.33000000000000185, 0.030000000000001137, 0.18999900000000025, 23.99, 24.209999, 6-11-2011
0.25, 0.5789473684210527,0.5500010000000017, 0.18999900000000025, 0.30000100000000174, -0.020000000000003126, 24.209999, 24.49, 6-12-2011
0.4, 0.625,0.34000099999999733, -0.020000000000003126, -0.1000009999999989, 0.11000100000000046, 24.49, 24.5, 6-13-2011
0.3333333333333333, 0.8518518518518519,0.4300009999999972, 0.11000100000000046, 0.19000099999999875, 0.029998000000002634, 24.5, 24.719999, 6-14-2011
0.5, 0.75,0.39000000000000057, 0.029998000000002634, -0.12999900000000153, -0.13999899999999954, 24.719999, 24.450001, 6-15-2011
0.375, 0.7222222222222222,0.3999990000000011, -0.13999899999999954, -0.33000000000000185, 0.1700000000000017, 24.450001, 24.290001, 6-16-2011
0.42857142857142855, 0.6,0.4600010000000019, 0.1700000000000017, -0.010000000000001563, -0.3600009999999969, 24.290001, 23.92, 6-17-2011
0.16666666666666666, 0.5,0.4299999999999997, -0.3600009999999969, 0.0799999999999983, 0.5700000000000003, 23.92, 24.57, 6-18-2011
0.3076923076923077, 0.48484848484848486,0.6900009999999988, 0.5700000000000003, 0.0799999999999983, 0.2200009999999999, 24.57, 24.870001, 6-19-2011
0.125, 0.5483870967741935,0.41999999999999815, 0.2200009999999999, 0.22999900000000295, 0.22999999999999687, 24.870001, 25.33, 6-20-2011
0.1111111111111111, 0.5142857142857142,0.3600009999999969, 0.22999999999999687, 0.12999900000000153, 0.05000100000000174, 25.33, 25.51, 6-21-2011
0.125, 0.6388888888888888,0.8400009999999973, 0.6000000000000014, -0.04999899999999968, -0.4200000000000017, 26.059999, 25.59, 7-1-2011
0.36363636363636365, 0.6176470588235294,0.5600009999999997, -0.4200000000000017, 0.0, -0.2900010000000002, 25.59, 25.299999, 7-2-2011
0.0, 0.53125,0.5199999999999996, -0.2900010000000002, 0.23000199999999893, 0.08999999999999986, 25.299999, 25.620001, 7-3-2011
0.875, 0.8,0.2700010000000006, 0.08999999999999986, -0.38000100000000003, 0.11000000000000298, 25.620001, 25.35, 7-4-2011
0.2727272727272727, 0.4857142857142857,0.240000000000002, 0.11000000000000298, -0.33000000000000185, -0.1499990000000011, 25.35, 24.870001, 7-5-2011
0.45454545454545453, 0.6666666666666666,0.3200000000000003, -0.1499990000000011, -0.12000099999999847, 0.20999899999999982, 24.870001, 24.959999, 7-6-2011
0.2, 0.5862068965517241,0.48999999999999844, 0.20999899999999982, 0.10000000000000142, 0.060001999999997224, 24.959999, 25.120001, 7-7-2011
0.0, 0.5517241379310345,0.509999999999998, 0.060001999999997224, 0.03999900000000167, -0.4699990000000014, 25.120001, 24.690001, 7-8-2011
0.0, 0.6129032258064516,0.6899980000000028, -0.4699990000000014, 0.12999900000000153, -0.08000000000000185, 24.690001, 24.74, 7-9-2011
0.6, 0.6538461538461539,0.36999899999999997, -0.08000000000000185, -0.16000000000000014, -0.14999999999999858, 24.74, 24.43, 7-10-2011
0.2222222222222222, 0.59375,0.5300009999999986, -0.14999999999999858, 0.1000009999999989, 0.5, 24.43, 25.030001, 7-11-2011
0.38461538461538464, 0.5454545454545454,0.8500000000000014, 0.5, 0.8300000000000018, 0.2799979999999991, 25.030001, 26.139999, 7-12-2011
0.3888888888888889, 0.6571428571428571,0.7999989999999997, 0.2799979999999991, 0.22000200000000092, 0.6499990000000011, 26.139999, 27.01, 7-13-2011
0.4444444444444444, 0.64,0.8400000000000034, 0.6499990000000011, -0.010000000000001563, -0.08999999999999986, 27.01, 26.91, 7-14-2011
0.08333333333333333, 0.5588235294117647,0.2799990000000001, -0.08999999999999986, -0.3200000000000003, 0.37999900000000153, 26.91, 26.969999, 7-15-2011
0.4444444444444444, 0.8095238095238095,0.619999, 0.37999900000000153, -0.20999899999999982, -0.020000000000003126, 26.969999, 26.74, 7-16-2011
0.1111111111111111, 0.5517241379310345,0.3200019999999988, -0.020000000000003126, -0.14999999999999858, -0.37000099999999847, 26.74, 26.219999, 7-17-2011
0.3076923076923077, 0.5714285714285714,0.629998999999998, -0.37000099999999847, -0.029998000000002634, -0.09000099999999733, 26.219999, 26.1, 7-18-2011
0.6666666666666666, 0.625,0.3999990000000011, -0.09000099999999733, -0.25, 0.20999899999999982, 26.1, 26.059999, 7-19-2011
0.3333333333333333, 0.6153846153846154,0.7900010000000002, -0.35999999999999943, -0.26000099999999904, -0.5699990000000028, 25.98, 25.15, 8-1-2011
0.42857142857142855, 0.7714285714285715,0.7100010000000019, -0.5699990000000028, 0.059999000000001246, 0.0200010000000006, 25.15, 25.23, 8-2-2011
0.14285714285714285, 0.5,0.5400010000000002, 0.0200010000000006, -0.379999999999999, -0.7000000000000028, 25.23, 24.15, 8-3-2011
0.16666666666666666, 0.5294117647058824,0.9200000000000017, -0.7000000000000028, 0.3199990000000028, -0.75, 24.15, 23.719999, 8-4-2011
0.2857142857142857, 0.7333333333333333,1.1900000000000013, -0.75, -0.6999990000000018, -1.4299999999999997, 23.719999, 21.59, 8-5-2011
0.09090909090909091, 0.7391304347826086,2.169999999999998, -1.4299999999999997, 0.4599989999999998, 1.3200019999999988, 21.59, 23.370001, 8-6-2011
0.3125, 0.65,1.899999000000001, 1.3200019999999988, -0.5300009999999986, -1.4100000000000001, 23.370001, 21.43, 8-7-2011
0.26666666666666666, 0.5357142857142857,1.4899999999999984, -1.4100000000000001, 0.240000000000002, 0.770000999999997, 21.43, 22.440001, 8-8-2011
0.4444444444444444, 0.7575757575757576,1.3500000000000014, 0.770000999999997, 0.6599990000000027, -1.1900000000000013, 22.440001, 21.91, 8-9-2011
0.3125, 0.575,1.5899999999999999, -1.1900000000000013, 0.25, 0.5700000000000003, 21.91, 22.73, 8-10-2011
0.4444444444444444, 0.6774193548387096,0.7099989999999998, 0.5700000000000003, -0.33000000000000185, -0.21999999999999886, 22.73, 22.18, 8-11-2011
0.15384615384615385, 0.6388888888888888,0.6499990000000011, -0.21999999999999886, 0.14000000000000057, 0.10999999999999943, 22.18, 22.43, 8-12-2011
0.2631578947368421, 0.4864864864864865,0.46999999999999886, 0.10999999999999943, -0.7900010000000002, -0.5699989999999993, 22.43, 21.07, 8-13-2011
0.2, 0.52,0.8600010000000005, -0.5699989999999993, -0.25, -0.26000099999999904, 21.07, 20.559999, 8-14-2011
0.07692307692307693, 0.5853658536585366,1.0699990000000028, -0.26000099999999904, 0.5900009999999973, -0.8400009999999973, 20.559999, 20.309999, 8-15-2011
0.5454545454545454, 0.8,1.0599990000000012, -0.8400009999999973, 0.19000099999999875, 1.0100000000000016, 20.309999, 21.51, 8-16-2011
0.5, 0.6538461538461539,1.4100000000000001, 1.0100000000000016, -0.010000000000001563, 0.7399999999999984, 21.51, 22.24, 8-17-2011
0.3333333333333333, 0.5833333333333334,1.0099979999999995, 0.7399999999999984, 0.740000000000002, -0.629999999999999, 22.24, 22.35, 8-18-2011
0.5, 0.6923076923076923,1.3100019999999972, -0.629999999999999, -0.38000100000000003, 0.4500010000000003, 22.35, 22.42, 8-19-2011
0.2, 0.6785714285714286,1.0700019999999988, 0.4500010000000003, 0.3600009999999969, 0.3899990000000031, 22.42, 23.17, 8-20-2011
0.5, 0.6,0.4600010000000019, 0.3899990000000031, -0.18000000000000327, 0.040001000000000175, 23.17, 23.030001, 8-21-2011
0.36363636363636365, 0.6274509803921569,0.6399989999999995, 0.040001000000000175, 0.059999000000001246, 0.11999899999999997, 23.030001, 23.209999, 8-22-2011
0.2857142857142857, 0.7096774193548387,0.6799999999999997, -0.41000000000000014, -0.5399990000000017, -0.509999999999998, 22.66, 21.610001, 9-1-2011
0.18181818181818182, 0.5609756097560976,0.7300000000000004, -0.509999999999998, -0.740000000000002, 0.3999990000000011, 21.610001, 21.27, 9-2-2011
0.16666666666666666, 0.6470588235294118,0.5499989999999997, 0.3999990000000011, 0.46000000000000085, 0.9600009999999983, 21.27, 22.690001, 9-3-2011
0.2857142857142857, 0.45454545454545453,1.2100010000000019, 0.9600009999999983, -0.23000199999999893, 0.40000200000000063, 22.690001, 22.860001, 9-4-2011
0.3333333333333333, 0.6,0.8799990000000015, 0.40000200000000063, -0.4200000000000017, -0.44000099999999875, 22.860001, 22.0, 9-5-2011
0.375, 0.7241379310344828,0.8099999999999987, -0.44000099999999875, -0.36000100000000046, 0.7100010000000019, 22.0, 22.35, 9-6-2011
0.4, 0.6111111111111112,0.8399999999999999, 0.7100010000000019, 0.03999899999999812, 0.5700000000000003, 22.35, 22.959999, 9-7-2011
0.4166666666666667, 0.8055555555555556,0.6900009999999988, 0.5700000000000003, 0.17999999999999972, 0.370001000000002, 22.959999, 23.51, 9-8-2011
0.21428571428571427, 0.5172413793103449,0.9399980000000028, 0.370001000000002, 0.030000999999998612, 0.5099979999999995, 23.51, 24.049999, 9-9-2011
0.42857142857142855, 0.5714285714285714,0.5299990000000001, 0.5099979999999995, 0.2400020000000005, -0.17999999999999972, 24.049999, 24.110001, 9-10-2011
0.3076923076923077, 0.5555555555555556,0.889999999999997, -0.17999999999999972, -0.5300010000000022, 0.30999900000000125, 24.110001, 23.889999, 9-11-2011
0.5714285714285714, 0.5555555555555556,0.8500009999999989, 0.30999900000000125, 0.050001999999999214, 0.1499990000000011, 23.889999, 24.09, 9-12-2011
0.16666666666666666, 0.45714285714285713,0.879998999999998, 0.1499990000000011, 0.0200010000000006, -1.25, 24.09, 22.860001, 9-13-2011
0.2857142857142857, 0.6666666666666666,1.260000999999999, -1.25, -0.6800010000000007, 0.7300000000000004, 22.860001, 22.91, 9-14-2011
0.375, 0.625,0.9399979999999992, 0.7300000000000004, -0.1700000000000017, 0.4699990000000014, 22.91, 23.209999, 9-15-2011
0.16666666666666666, 0.6785714285714286,0.75, 0.4699990000000014, 0.30000100000000174, 0.8500009999999989, 23.209999, 24.360001, 9-16-2011
1.0, 0.75,0.9699990000000014, 0.8500009999999989, 0.3999990000000011, -0.6900000000000013, 24.360001, 24.07, 9-17-2011
0.2727272727272727, 0.6666666666666666,1.120001000000002, -0.6900000000000013, -0.010000999999999038, -0.7099989999999998, 24.07, 23.35, 9-18-2011
0.07692307692307693, 0.6176470588235294,0.9600009999999983, -0.7099989999999998, 0.5499999999999972, 0.30999900000000125, 23.35, 24.209999, 9-19-2011
0.5714285714285714, 0.7058823529411765,0.8999990000000011, 0.30999900000000125, -0.36999899999999997, -0.2999989999999997, 24.209999, 23.540001, 9-20-2011
0.5833333333333334, 0.5588235294117647,1.2800009999999986, -0.7200009999999999, -0.389999999999997, 0.8999999999999986, 22.65, 23.16, 10-1-2011
0.3333333333333333, 0.5526315789473685,1.4899999999999984, 0.8999999999999986, 0.019999999999999574, 0.2700010000000006, 23.16, 23.450001, 10-2-2011
0.3, 0.46153846153846156,0.7899989999999981, 0.2700010000000006, -0.13000100000000003, 0.6799999999999997, 23.450001, 24.0, 10-3-2011
0.5, 0.6923076923076923,1.0300009999999986, 0.6799999999999997, 0.10000000000000142, -0.7700000000000031, 24.0, 23.33, 10-4-2011
0.5, 0.5714285714285714,0.9699999999999989, -0.7700000000000031, 0.5400010000000002, 0.5800000000000018, 23.33, 24.450001, 10-5-2011
0.5, 0.5666666666666667,0.5899999999999999, 0.5800000000000018, -0.3200019999999988, -0.25, 24.450001, 23.879999, 10-6-2011
0.7142857142857143, 0.7666666666666667,0.5499989999999997, -0.25, 0.2800009999999986, 0.5899999999999999, 23.879999, 24.75, 10-7-2011
0.35714285714285715, 0.625,1.25, 0.5899999999999999, -0.3500000000000014, -0.07000000000000028, 24.75, 24.33, 10-8-2011
0.2857142857142857, 0.6285714285714286,0.6400019999999991, -0.07000000000000028, 0.30999900000000125, 0.06000200000000078, 24.33, 24.700001, 10-9-2011
0.375, 0.6216216216216216,0.7999989999999997, 0.06000200000000078, -0.620001000000002, -0.46999899999999784, 24.700001, 23.610001, 10-10-2011
0.3, 0.6296296296296297,0.6399990000000031, -0.46999899999999784, 0.18999799999999922, 0.6800010000000007, 23.610001, 24.48, 10-11-2011
0.3333333333333333, 0.631578947368421,1.3099990000000012, 0.6800010000000007, 0.120000000000001, -0.4700009999999999, 24.48, 24.129999, 10-12-2011
0.3333333333333333, 0.6666666666666666,1.1799999999999997, -0.4700009999999999, 0.1100009999999969, 0.6800000000000033, 24.129999, 24.92, 10-13-2011
0.1, 0.53125,0.9800000000000004, 0.6800000000000033, 0.27000099999999705, 0.1999980000000008, 24.92, 25.389999, 10-14-2011
0.0, 0.39285714285714285,0.48999999999999844, 0.1999980000000008, 0.1000009999999989, 0.08000000000000185, 25.389999, 25.57, 10-15-2011
0.4444444444444444, 0.6326530612244898,0.48999900000000096, 0.08000000000000185, -0.3099999999999987, -0.4200000000000017, 25.57, 24.84, 10-16-2011
0.2777777777777778, 0.5217391304347826,0.6499999999999986, -0.4200000000000017, 0.4299999999999997, 0.21999999999999886, 24.84, 25.49, 10-17-2011
0.25, 0.5517241379310345,0.6899979999999992, 0.21999999999999886, 0.6700000000000017, 0.059999000000001246, 25.49, 26.219999, 10-18-2011
0.0, 0.76,0.9599989999999998, 0.059999000000001246, -0.23999900000000096, 0.050000999999998186, 26.219999, 26.030001, 10-19-2011
0.16666666666666666, 0.5333333333333333,0.5099979999999995, 0.050000999999998186, -0.4300009999999972, -0.010000000000001563, 26.030001, 25.59, 10-20-2011
0.2, 0.6666666666666666,1.029999, 0.07000199999999879, 0.6700000000000017, 0.10999800000000093, 24.530001, 25.309999, 11-1-2011
0.17647058823529413, 0.4444444444444444,0.5799999999999983, 0.10999800000000093, 0.39000199999999907, -0.1000009999999989, 25.309999, 25.6, 11-2-2011
0.3333333333333333, 0.6785714285714286,0.759999999999998, -0.1000009999999989, -0.33999999999999986, 0.27000099999999705, 25.6, 25.530001, 11-3-2011
0.07142857142857142, 0.5869565217391305,0.729999000000003, 0.27000099999999705, 0.06999900000000281, 0.2899989999999981, 25.530001, 25.889999, 11-4-2011
0.13333333333333333, 0.6470588235294118,0.4200000000000017, 0.2899989999999981, 0.13000100000000003, 0.25, 25.889999, 26.27, 11-5-2011
0.125, 0.8076923076923077,0.7000009999999968, 0.25, -0.6799999999999997, -0.4799989999999994, 26.27, 25.110001, 11-6-2011
0.2857142857142857, 0.5714285714285714,0.8000010000000017, -0.4799989999999994, 0.4099989999999991, 0.11999899999999997, 25.110001, 25.639999, 11-7-2011
0.5, 0.5909090909090909,0.5699990000000028, 0.11999899999999997, 0.3400010000000009, -0.03999900000000167, 25.639999, 25.940001, 11-8-2011
0.14285714285714285, 0.7727272727272727,0.41000000000000014, -0.03999900000000167, -0.22000199999999737, -0.23999900000000096, 25.940001, 25.48, 11-9-2011
0.3333333333333333, 0.625,0.5299990000000001, -0.23999900000000096, -0.15000000000000213, 0.19000000000000128, 25.48, 25.52, 11-10-2011
0.45454545454545453, 0.5172413793103449,0.41000000000000014, 0.19000000000000128, -0.1499990000000011, 0.07000000000000028, 25.52, 25.440001, 11-11-2011
0.5, 0.6923076923076923,0.7899990000000017, 0.07000000000000028, -0.11000100000000046, -0.21999899999999784, 25.440001, 25.110001, 11-12-2011
0.5, 0.7,1.0300009999999986, -0.21999899999999784, 0.1499990000000011, 0.11999899999999997, 25.110001, 25.379999, 11-13-2011
0.1111111111111111, 0.5483870967741935,0.4499999999999993, 0.11999899999999997, -0.3899990000000031, -0.36999899999999997, 25.379999, 24.620001, 11-14-2011
0.25, 0.7857142857142857,0.6500019999999971, -0.36999899999999997, 0.00999800000000306, 0.040001000000000175, 24.620001, 24.67, 11-15-2011
0.8333333333333334, 0.7666666666666667,0.3899990000000031, 0.040001000000000175, -0.3400000000000034, -0.5399989999999981, 24.67, 23.790001, 11-16-2011
0.2222222222222222, 0.56,0.5700000000000003, -0.5399989999999981, -0.040001000000000175, 0.2800009999999986, 23.790001, 24.030001, 11-17-2011
0.3333333333333333, 0.7142857142857143,0.7200019999999974, 0.2800009999999986, 0.7899990000000017, -0.1000009999999989, 24.030001, 24.719999, 11-18-2011
0.0, 0.5294117647058824,0.41999999999999815, -0.1000009999999989, 0.010000999999999038, -0.11999899999999997, 24.719999, 24.610001, 11-19-2011
0.38461538461538464, 0.6428571428571429,0.44000099999999875, -0.11999899999999997, 0.8299999999999983, 0.47999900000000295, 24.610001, 25.92, 11-20-2011
0.25, 0.7307692307692307,0.48000199999999893, 0.040001000000000175, 0.25, -0.23000199999999893, 25.700001, 25.719999, 12-1-2011
0.16666666666666666, 0.5925925925925926,0.5399989999999981, -0.23000199999999893, 0.3100019999999972, -0.08999999999999986, 25.719999, 25.940001, 12-2-2011
0.4166666666666667, 0.7575757575757576,0.5599990000000012, -0.08999999999999986, 0.0, 0.26999800000000107, 25.940001, 26.209999, 12-3-2011
0.25, 0.6842105263157895,0.6299990000000015, 0.26999800000000107, -0.2599979999999995, 0.4599989999999998, 26.209999, 26.41, 12-4-2011
0.25, 0.6170212765957447,0.7199990000000014, 0.4599989999999998, -0.07000000000000028, -0.6900000000000013, 26.41, 25.65, 12-5-2011
0.75, 0.75,0.8400009999999973, -0.6900000000000013, 0.25, 0.3900010000000016, 25.65, 26.290001, 12-6-2011
0.14285714285714285, 0.4642857142857143,0.630001, 0.3900010000000016, -0.30000100000000174, 0.05000100000000174, 26.290001, 26.040001, 12-7-2011
0.4, 0.8125,0.45000000000000284, 0.05000100000000174, 0.0799999999999983, -0.38000100000000003, 26.040001, 25.74, 12-8-2011
0.375, 0.675,0.8500000000000014, -0.38000100000000003, -0.20999899999999982, 0.25, 25.74, 25.780001, 12-9-2011
0.5, 0.6428571428571429,0.7200009999999999, 0.25, 0.35999800000000093, -0.33999999999999986, 25.780001, 25.799999, 12-10-2011
0.6666666666666666, 0.6206896551724138,0.5200010000000006, -0.33999999999999986, 0.2700010000000006, -0.07000000000000028, 25.799999, 26.0, 12-11-2011
0.4, 0.6551724137931034,0.5199999999999996, -0.07000000000000028, 0.08999999999999986, -0.5300009999999986, 26.0, 25.559999, 12-12-2011
0.375, 0.7,0.75, -0.5300009999999986, 0.3500009999999989, 0.5899999999999999, 25.559999, 26.5, 12-13-2011
0.25, 0.7,0.8399999999999999, 0.5899999999999999, 0.030000999999998612, 0.27999800000000263, 26.5, 26.809999, 12-14-2011
0.22727272727272727, 0.5510204081632653,0.7900010000000002, 0.27999800000000263, 0.11000100000000046, 0.41999999999999815, 26.809999, 27.34, 12-15-2011
0.2857142857142857, 0.7037037037037037,0.5500010000000017, 0.41999999999999815, 0.16000000000000014, -0.010000000000001563, 27.34, 27.49, 12-16-2011
0.5555555555555556, 0.6428571428571429,0.33999999999999986, -0.010000000000001563, 0.0, -0.1800009999999972, 27.49, 27.309999, 12-17-2011
0.0, 0.6,0.27000099999999705, -0.1800009999999972, -0.029998000000002634, -0.4000019999999971, 27.309999, 26.879999, 12-18-2011
0.14285714285714285, 0.5714285714285714,0.5100000000000016, -0.4000019999999971, 0.08999999999999986, 0.3299999999999983, 26.879999, 27.299999, 12-19-2011
0.2, 0.6176470588235294,0.41000000000000014, 0.3299999999999983, 0.040001000000000175, -0.2900010000000002, 27.299999, 27.049999, 12-20-2011
0.4, 0.5714285714285714,0.4400000000000013, -0.030001000000002165, -0.0799999999999983, 0.07000000000000028, 27.58, 27.57, 1-1-2012
0.1111111111111111, 0.6,0.5, 0.07000000000000028, -0.12999900000000153, 0.5399990000000017, 27.57, 27.98, 1-2-2012
0.5, 0.6153846153846154,0.9299999999999997, 0.5399990000000017, 0.07999900000000082, -0.30999900000000125, 27.98, 27.75, 1-3-2012
0.16666666666666666, 0.5806451612903226,0.6799999999999997, -0.30999900000000125, -0.059999000000001246, 0.5499989999999997, 27.75, 28.24, 1-4-2012
0.5, 0.7419354838709677,0.6299990000000015, 0.5499989999999997, 0.28000000000000114, -0.259999999999998, 28.24, 28.26, 1-5-2012
0.2, 0.68,0.48999999999999844, -0.259999999999998, -0.22999900000000295, 0.37999900000000153, 28.26, 28.41, 1-6-2012
0.25, 0.627906976744186,0.5799999999999983, 0.37999900000000153, 0.059999000000001246, 0.27000099999999705, 28.41, 28.74, 1-7-2012
0.0, 0.5652173913043478,0.630001, 0.27000099999999705, -0.3500009999999989, 0.6400019999999991, 28.74, 29.030001, 1-8-2012
0.0, 0.391304347826087,0.9299999999999997, 0.6400019999999991, -0.010000999999999038, -0.25, 29.030001, 28.77, 1-9-2012
0.0, 0.5,0.870001000000002, -0.25, 0.35999900000000196, -0.049999000000003235, 28.77, 29.08, 1-10-2012
0.3333333333333333, 0.68,1.029999, -0.049999000000003235, 0.049999000000003235, -0.5700000000000003, 29.08, 28.559999, 1-11-2012
0.25, 0.6774193548387096,0.8499980000000029, -0.5700000000000003, 0.010000999999999038, 0.16999999999999815, 28.559999, 28.74, 1-12-2012
0.2, 0.6666666666666666,0.45000000000000284, 0.16999999999999815, -0.0799999999999983, -0.1700000000000017, 28.74, 28.49, 1-13-2012
0.25, 0.6,0.5800000000000018, -0.1700000000000017, -0.19000099999999875, 0.15000200000000063, 28.49, 28.450001, 1-14-2012
0.18181818181818182, 0.4827586206896552,0.5099979999999995, 0.15000200000000063, -0.2400020000000005, 0.3900010000000016, 28.450001, 28.6, 1-15-2012
0.2222222222222222, 0.7045454545454546,0.5, 0.3900010000000016, 0.1099989999999984, -0.9199979999999996, 28.6, 27.790001, 1-16-2012
0.4, 0.47619047619047616,1.1800010000000007, -0.9199979999999996, 0.03999899999999812, 0.030001000000002165, 27.790001, 27.860001, 1-17-2012
0.2222222222222222, 0.6578947368421053,0.3999990000000011, 0.030001000000002165, -0.4200000000000017, 0.5699990000000028, 27.860001, 28.01, 1-18-2012
0.2, 0.4838709677419355,0.8200019999999988, 0.5699990000000028, 0.12999899999999798, 0.08000000000000185, 28.01, 28.219999, 1-19-2012
0.25, 0.6415094339622641,0.6299990000000015, 0.11999800000000249, 0.14999999999999858, -0.13999899999999954, 28.559999, 28.57, 2-1-2012
0.13333333333333333, 0.6538461538461539,0.4599989999999998, -0.13999899999999954, 0.4299999999999997, 0.20000100000000032, 28.57, 29.200001, 2-2-2012
0.38461538461538464, 0.6666666666666666,0.360000000000003, 0.20000100000000032, -0.13000100000000003, 0.08999999999999986, 29.200001, 29.16, 2-3-2012
0.75, 0.7666666666666667,0.30999900000000125, 0.08999999999999986, -0.20000100000000032, 0.4900020000000005, 29.16, 29.450001, 2-4-2012
0.2857142857142857, 0.64,0.6200009999999985, 0.4900020000000005, -0.0200010000000006, 0.19999900000000181, 29.450001, 29.629999, 2-5-2012
0.125, 0.6551724137931034,0.36999899999999997, 0.19999900000000181, -0.00999800000000306, -0.2800009999999986, 29.629999, 29.34, 2-6-2012
1.0, 0.75,0.4600010000000019, -0.2800009999999986, -0.25, -0.0799999999999983, 29.34, 29.01, 2-7-2012
0.25, 0.7407407407407407,0.2799990000000001, -0.0799999999999983, 0.1800009999999972, -0.010000999999999038, 29.01, 29.18, 2-8-2012
0.2727272727272727, 0.6086956521739131,0.26000000000000156, -0.010000999999999038, 0.0, -0.17999999999999972, 29.18, 29.0, 2-9-2012
0.09090909090909091, 0.5490196078431373,0.619999, -0.17999999999999972, 0.12000099999999847, -0.49000199999999694, 29.0, 28.629999, 2-10-2012
0.2857142857142857, 0.5925925925925926,0.5700000000000003, -0.49000199999999694, 0.02000099999999705, 0.4299999999999997, 28.629999, 29.08, 2-11-2012
0.3333333333333333, 0.8205128205128205,0.6600000000000001, 0.4299999999999997, 0.0, 0.2700000000000031, 29.08, 29.35, 2-12-2012
0.0, 0.45714285714285713,0.4599989999999998, 0.2700000000000031, -0.11000000000000298, -0.11999899999999997, 29.35, 29.120001, 2-13-2012
0.45454545454545453, 0.7073170731707317,0.510000999999999, -0.11999899999999997, -0.1000009999999989, -0.21000099999999833, 29.120001, 28.809999, 2-14-2012
0.15789473684210525, 0.5609756097560976,0.379998999999998, -0.21000099999999833, 0.0, 0.1800009999999972, 28.809999, 28.99, 2-15-2012
0.375, 0.5833333333333334,0.379999999999999, 0.1800009999999972, 0.030000000000001137, -0.28999999999999915, 28.99, 28.73, 2-16-2012
0.4166666666666667, 0.5555555555555556,0.5, -0.28999999999999915, -0.16000000000000014, 0.7299989999999994, 28.73, 29.299999, 2-17-2012
0.14285714285714285, 0.5714285714285714,0.9100000000000001, 0.7299989999999994, 0.030000999999998612, -0.1599999999999966, 29.299999, 29.17, 2-18-2012
0.09090909090909091, 0.5675675675675675,0.2800009999999986, -0.1599999999999966, 0.0799999999999983, 0.14999999999999858, 29.17, 29.4, 2-19-2012
0.2727272727272727, 0.6451612903225806,0.41000000000000014, 0.2799990000000001, 0.08000200000000035, -0.5200010000000006, 29.709999, 29.27, 3-1-2012
0.0, 0.5333333333333333,0.5700019999999988, -0.5200010000000006, -0.15999899999999911, -0.21000100000000188, 29.27, 28.9, 3-2-2012
0.16666666666666666, 0.48484848484848486,0.5599990000000012, -0.21000100000000188, -0.2799990000000001, -0.25, 28.9, 28.370001, 3-3-2012
0.25, 0.6785714285714286,0.46999999999999886, -0.25, -0.02000099999999705, 0.2899989999999981, 28.370001, 28.639999, 3-4-2012
0.14285714285714285, 0.5789473684210527,0.4499999999999993, 0.2899989999999981, 0.21000100000000188, 0.3099999999999987, 28.639999, 29.16, 3-5-2012
0.6, 0.6333333333333333,0.5699989999999993, 0.3099999999999987, 0.10000000000000142, 0.4599989999999998, 29.16, 29.719999, 3-6-2012
0.15, 0.625,0.7099989999999998, 0.4599989999999998, -0.06999900000000281, 0.030000000000001137, 29.719999, 29.68, 3-7-2012
0.0, 0.5909090909090909,0.41000000000000014, 0.030000000000001137, 0.11999899999999997, 1.2100010000000019, 29.68, 31.01, 3-8-2012
0.4166666666666667, 0.6111111111111112,1.3300000000000018, 1.2100010000000019, 0.030000999999998612, 0.43999900000000025, 31.01, 31.48, 3-9-2012
0.21428571428571427, 0.4791666666666667,0.6899990000000003, 0.43999900000000025, 0.050000999999998186, 0.1499990000000011, 31.48, 31.68, 3-10-2012
0.6, 0.8333333333333334,0.8200019999999988, 0.1499990000000011, 0.1000009999999989, -0.13000100000000003, 31.68, 31.65, 3-11-2012
0.75, 0.6875,0.5499989999999997, -0.13000100000000003, 0.010000000000001563, 0.19000000000000128, 31.65, 31.85, 3-12-2012
0.0, 0.6538461538461539,0.6799999999999997, 0.19000000000000128, -0.30000100000000174, 0.15000200000000063, 31.85, 31.700001, 3-13-2012
0.5, 0.7142857142857143,0.45000000000000284, 0.15000200000000063, 0.0799999999999983, -0.23999999999999844, 31.700001, 31.540001, 3-14-2012
0.3333333333333333, 0.5641025641025641,0.44000099999999875, -0.23999999999999844, -0.11000100000000046, -0.059999000000001246, 31.540001, 31.370001, 3-15-2012
0.23076923076923078, 0.5357142857142857,0.5500009999999982, -0.059999000000001246, -0.050000999999998186, 0.38000100000000003, 31.370001, 31.700001, 3-16-2012
0.5, 0.6363636363636364,0.5399990000000017, 0.38000100000000003, 0.2999989999999997, 0.1100009999999969, 31.700001, 32.110001, 3-17-2012
0.42857142857142855, 0.5945945945945946,0.3599989999999984, 0.1100009999999969, -0.1900009999999952, -0.22999900000000295, 32.110001, 31.690001, 3-18-2012
0.36363636363636365, 0.6363636363636364,0.3400000000000034, -0.22999900000000295, -0.14000199999999907, 0.2700010000000006, 31.690001, 31.82, 3-19-2012
0.42857142857142855, 0.6756756756756757,0.41000000000000014, 0.2700010000000006, -0.3500009999999989, 0.0799999999999983, 31.82, 31.549999, 3-20-2012
0.0, 0.631578947368421,0.44000099999999875, 0.0799999999999983, -0.0799999999999983, 0.21000099999999833, 31.549999, 31.68, 3-21-2012
0.26666666666666666, 0.6666666666666666,0.6099980000000009, 0.16000000000000014, -0.25, 0.13000100000000003, 31.709999, 31.59, 4-1-2012
0.25, 0.6111111111111112,0.5, 0.13000100000000003, -0.17999999999999972, -0.1000009999999989, 31.59, 31.309999, 4-2-2012
0.16666666666666666, 0.5238095238095238,0.4200000000000017, -0.1000009999999989, -0.08999999999999986, 0.13000100000000003, 31.309999, 31.35, 4-3-2012
0.0, 0.56,0.41999999999999815, 0.13000100000000003, -0.4200000000000017, 0.08000000000000185, 31.35, 31.01, 4-4-2012
0.625, 0.48,0.39000199999999907, 0.08000000000000185, -0.10000000000000142, -0.5700000000000003, 31.01, 30.34, 4-5-2012
0.42857142857142855, 0.5,0.8300000000000018, -0.5700000000000003, 0.4299999999999997, 0.1000009999999989, 30.34, 30.870001, 4-6-2012
0.36363636363636365, 0.6785714285714286,0.36999899999999997, 0.1000009999999989, 0.049999000000003235, 0.41999999999999815, 30.870001, 31.34, 4-7-2012
0.08333333333333333, 0.5909090909090909,0.6600000000000001, 0.41999999999999815, -0.08999999999999986, -0.3500000000000014, 31.34, 30.9, 4-8-2012
0.0, 0.6666666666666666,0.49000199999999694, -0.3500000000000014, 0.3199990000000028, -0.059999000000001246, 30.9, 31.16, 4-9-2012
0.0, 0.6521739130434783,0.5500010000000017, -0.059999000000001246, 0.19000000000000128, 0.19999899999999826, 31.16, 31.549999, 4-10-2012
0.2222222222222222, 0.7222222222222222,0.40000200000000063, 0.19999899999999826, -0.34999799999999937, 0.09999799999999937, 31.549999, 31.299999, 4-11-2012
0.375, 0.6666666666666666,0.4299999999999997, 0.09999799999999937, 0.12000100000000202, -0.20000100000000032, 31.299999, 31.219999, 4-12-2012
0.3333333333333333, 0.7307692307692307,0.509999999999998, -0.20000100000000032, 0.12000099999999847, -0.04999899999999968, 31.219999, 31.290001, 4-13-2012
0.3333333333333333, 0.5882352941176471,0.38000100000000003, -0.04999899999999968, -0.13000100000000003, 0.04999899999999968, 31.290001, 31.209999, 4-14-2012
0.23076923076923078, 0.71875,0.2899989999999981, 0.04999899999999968, 0.08000200000000035, 0.3299999999999983, 31.209999, 31.620001, 4-15-2012
0.1111111111111111, 0.6388888888888888,0.4599989999999998, 0.3299999999999983, 0.1700000000000017, -0.11000100000000046, 31.620001, 31.68, 4-16-2012
0.125, 0.574468085106383,0.41999999999999815, -0.11000100000000046, 0.0, 0.41999799999999965, 31.68, 32.099998, 4-17-2012
0.07692307692307693, 0.5925925925925926,0.5100000000000016, 0.41999799999999965, -0.05999700000000274, 0.3899990000000031, 32.099998, 32.43, 4-18-2012
0.15384615384615385, 0.5384615384615384,0.6399989999999995, 0.3899990000000031, -0.02999799999999908, -0.23000400000000099, 32.43, 32.169998, 4-19-2012
0.13636363636363635, 0.4727272727272727,0.9199989999999971, 0.22999999999999687, -0.13000100000000003, -0.11999899999999997, 32.290001, 32.040001, 5-1-2012
0.125, 0.5,0.370001000000002, -0.11999899999999997, 0.20999900000000338, -0.30999900000000125, 32.040001, 31.940001, 5-2-2012
0.2727272727272727, 0.6585365853658537,0.5600009999999997, -0.30999900000000125, -0.11000100000000046, -0.1599999999999966, 31.940001, 31.67, 5-3-2012
0.36363636363636365, 0.7045454545454546,0.5199999999999996, -0.1599999999999966, -0.2199990000000014, 0.38999899999999954, 31.67, 31.84, 5-4-2012
0.2857142857142857, 0.6486486486486487,0.5999979999999994, 0.38999899999999954, -0.2800009999999986, 0.010000999999999038, 31.84, 31.57, 5-5-2012
0.2, 0.6,0.3900010000000016, 0.010000999999999038, -0.33999999999999986, 0.23999900000000096, 31.57, 31.469999, 5-6-2012
0.0, 0.5833333333333334,0.5599999999999987, 0.23999900000000096, 0.38000100000000003, 0.05999999999999872, 31.469999, 31.91, 5-7-2012
0.5, 0.7096774193548387,0.259999999999998, 0.05999999999999872, -0.3099999999999987, 0.609999000000002, 31.91, 32.209999, 5-8-2012
0.4166666666666667, 0.7272727272727273,1.0099979999999995, 0.609999000000002, -0.27999900000000366, -0.37000099999999847, 32.209999, 31.559999, 5-9-2012
0.2, 0.6666666666666666,0.6999990000000018, -0.37000099999999847, -0.04999899999999968, -0.21000100000000188, 31.559999, 31.299999, 5-10-2012
0.42857142857142855, 0.5454545454545454,0.5300000000000011, -0.21000100000000188, 0.18000100000000074, -0.4200009999999992, 31.299999, 31.059999, 5-11-2012
0.2727272727272727, 0.6857142857142857,0.7199990000000014, -0.4200009999999992, -0.010000000000001563, -0.3999990000000011, 31.059999, 30.65, 5-12-2012
0.14285714285714285, 0.6428571428571429,0.5400010000000002, -0.3999990000000011, 0.040001000000000175, -0.4200009999999992, 30.65, 30.27, 5-13-2012
0.21428571428571427, 0.7058823529411765,0.5999980000000029, -0.4200009999999992, 0.16000000000000014, 0.28999900000000167, 30.27, 30.719999, 5-14-2012
0.14285714285714285, 0.7872340425531915,0.6200009999999985, 0.28999900000000167, 0.16999999999999815, 0.11000100000000046, 30.719999, 31.0, 5-15-2012
0.35714285714285715, 0.59375,0.5500000000000007, 0.11000100000000046, -0.10000000000000142, 0.19000000000000128, 31.0, 31.09, 5-16-2012
0.42857142857142855, 0.4666666666666667,0.7299989999999994, 0.19000000000000128, 0.17999999999999972, -0.14000099999999804, 31.09, 31.129999, 5-17-2012
0.42857142857142855, 0.5238095238095238,0.41999999999999815, -0.14000099999999804, -0.03999900000000167, -0.16000000000000014, 31.129999, 30.93, 5-18-2012
0.29411764705882354, 0.6666666666666666,0.6100009999999969, -0.16000000000000014, 0.19000099999999875, 0.08999800000000135, 30.93, 31.209999, 5-19-2012
0.23076923076923078, 0.7297297297297297,0.3199990000000028, 0.08999800000000135, -0.3299999999999983, -0.12999900000000153, 31.209999, 30.75, 5-20-2012
0.2222222222222222, 0.7,0.370000000000001, -0.12999900000000153, 0.010000000000001563, 0.3500009999999989, 30.75, 31.110001, 5-21-2012
0.1, 0.4838709677419355,1.0899999999999999, -0.9199999999999982, -0.030000000000001137, -0.7799990000000001, 29.6, 28.790001, 6-1-2012
0.42857142857142855, 0.5217391304347826,0.9499990000000018, -0.7799990000000001, -0.21000100000000188, 0.6399990000000031, 28.790001, 29.219999, 6-2-2012
0.5714285714285714, 0.5,0.75, 0.6399990000000031, 0.23000199999999893, 0.25, 29.219999, 29.700001, 6-3-2012
0.25, 0.5365853658536586,0.4700009999999999, 0.25, 0.26999800000000107, -0.3899990000000031, 29.700001, 29.58, 6-4-2012
0.09090909090909091, 0.631578947368421,0.6299990000000015, -0.3899990000000031, -0.09999999999999787, 0.620000000000001, 29.58, 30.1, 6-5-2012
0.6666666666666666, 0.8148148148148148,0.729999000000003, 0.620000000000001, 0.3599989999999984, -0.5899980000000014, 30.1, 29.870001, 6-6-2012
0.16666666666666666, 0.625,0.8099999999999987, -0.5899980000000014, -0.02000099999999705, 0.7799990000000001, 29.870001, 30.629999, 6-7-2012
0.16666666666666666, 0.6,1.139999000000003, 0.7799990000000001, -0.12999900000000153, 0.059999000000001246, 30.629999, 30.559999, 6-8-2012
0.18181818181818182, 0.48148148148148145,0.5200010000000006, 0.059999000000001246, 0.12000099999999847, 0.33000000000000185, 30.559999, 31.01, 6-9-2012
0.375, 0.5806451612903226,0.5899999999999999, 0.33000000000000185, 0.4300009999999972, 0.13999899999999954, 31.01, 31.58, 6-10-2012
0.1, 0.53125,0.6100009999999969, 0.13999899999999954, -0.2800009999999986, 0.2200009999999999, 31.58, 31.52, 6-11-2012
0.5, 0.7857142857142857,0.5599990000000012, 0.2200009999999999, 0.14000000000000057, 0.10000000000000142, 31.52, 31.76, 6-12-2012
0.26666666666666666, 0.6071428571428571,0.3800019999999975, 0.10000000000000142, -0.20000100000000032, 0.16000000000000014, 31.76, 31.719999, 6-13-2012
0.14285714285714285, 0.7391304347826086,0.5499989999999997, 0.16000000000000014, 0.21000099999999833, -0.6999999999999993, 31.719999, 31.23, 6-14-2012
0.2, 0.6923076923076923,0.8500000000000014, -0.6999999999999993, 0.2699999999999996, 0.2199990000000014, 31.23, 31.719999, 6-15-2012
0.2, 0.44,0.3999999999999986, 0.2199990000000014, -0.33000000000000185, -0.2299989999999994, 31.719999, 31.16, 6-16-2012
0.5, 0.64,0.44999899999999826, -0.2299989999999994, 0.07000000000000028, 0.07999900000000082, 31.16, 31.309999, 6-17-2012
0.5555555555555556, 0.7857142857142857,0.5500000000000007, 0.07999900000000082, 0.02000099999999705, 0.10000000000000142, 31.309999, 31.43, 6-18-2012
0.2727272727272727, 0.6346153846153846,0.4699990000000014, 0.10000000000000142, -0.12000099999999847, 0.1300019999999975, 31.43, 31.440001, 6-19-2012
0.4, 0.65625,0.6800010000000007, 0.1300019999999975, 0.5799990000000044, 0.13999999999999346, 31.440001, 32.16, 6-20-2012
0.7, 0.6896551724137931,0.4500010000000003, -0.030002000000003193, -0.1999970000000033, 0.3400000000000034, 32.439999, 32.580002, 7-1-2012
0.42857142857142855, 0.7741935483870968,0.48999700000000246, 0.3400000000000034, -0.15000200000000063, -0.1399990000000031, 32.580002, 32.290001, 7-2-2012
0.14285714285714285, 0.5454545454545454,0.4099999999999966, -0.1399990000000031, -0.3600009999999969, 0.07999800000000334, 32.290001, 32.009998, 7-3-2012
0.14285714285714285, 0.5384615384615384,0.3699990000000035, 0.07999800000000334, -0.08999800000000135, 0.10999899999999485, 32.009998, 32.029999, 7-4-2012
0.375, 0.5263157894736842,0.36999899999999997, 0.10999899999999485, 0.21000300000000038, -0.34000199999999836, 32.029999, 31.9, 7-5-2012
0.35714285714285715, 0.6097560975609756,0.7700010000000006, -0.34000199999999836, -0.05999999999999872, 0.4399989999999967, 31.9, 32.279999, 7-6-2012
0.058823529411764705, 0.5526315789473685,0.5300009999999986, 0.4399989999999967, -0.29999899999999613, 0.029998000000002634, 32.279999, 32.009998, 7-7-2012
0.15384615384615385, 0.6756756756756757,0.4499990000000018, 0.029998000000002634, 0.0899999999999963, 0.600003000000001, 32.009998, 32.700001, 7-8-2012
0.2222222222222222, 0.7096774193548387,0.6900029999999973, 0.600003000000001, -0.0200010000000006, 0.09999899999999684, 32.700001, 32.779999, 7-9-2012
0.4, 0.7941176470588235,0.39000000000000057, 0.09999899999999684, 0.09000000000000341, 0.08000200000000035, 32.779999, 32.950001, 7-10-2012
0.2727272727272727, 0.6956521739130435,0.8199990000000028, 0.08000200000000035, -0.33000200000000035, 0.8600009999999969, 32.950001, 33.48, 7-11-2012
0.08333333333333333, 0.5,0.9900019999999969, 0.8600009999999969, -0.1100009999999969, 0.4299999999999997, 33.48, 33.799999, 7-12-2012
0.5714285714285714, 0.48148148148148145,0.75, 0.4299999999999997, -0.17999999999999972, -0.0200010000000006, 33.799999, 33.599998, 7-13-2012
0.21428571428571427, 0.6216216216216216,0.32999799999999624, -0.0200010000000006, -0.5599970000000027, 0.379997000000003, 33.599998, 33.419998, 7-14-2012
0.3333333333333333, 0.6296296296296297,0.5200009999999935, 0.379997000000003, 0.09000000000000341, -0.039996999999999616, 33.419998, 33.470001, 7-15-2012
0.42857142857142855, 0.6470588235294118,0.4799999999999969, -0.039996999999999616, 0.12999699999999592, -0.30999700000000274, 33.470001, 33.290001, 7-16-2012
0.3, 0.7297297297297297,0.4799999999999969, -0.30999700000000274, 0.5, -0.2000009999999932, 33.290001, 33.59, 7-17-2012
0.0, 0.5555555555555556,0.34999899999999684, -0.2000009999999932, 0.3399999999999963, -0.010002000000000066, 33.59, 33.919998, 7-18-2012
0.3333333333333333, 0.7352941176470589,0.5099980000000031, -0.010002000000000066, -0.09999799999999937, -0.07000000000000028, 33.919998, 33.75, 7-19-2012
0.47058823529411764, 0.5806451612903226,0.519995999999999, -0.07000000000000028, -0.15000200000000063, -0.09999799999999937, 33.75, 33.5, 7-20-2012
0.16666666666666666, 0.6,0.5999980000000065, -0.31000099999999975, -0.3100019999999972, -0.10999600000000243, 33.32, 32.900002, 8-1-2012
0.2857142857142857, 0.5263157894736842,0.6399990000000031, -0.10999600000000243, 0.5399969999999996, 0.05000299999999669, 32.900002, 33.490002, 8-2-2012
0.25, 0.5526315789473685,0.4199989999999971, 0.05000299999999669, -0.020000999999993496, -0.4600030000000004, 33.490002, 33.009998, 8-3-2012
0.3, 0.6857142857142857,0.6499970000000062, -0.4600030000000004, 0.13000100000000003, -0.04999899999999968, 33.009998, 33.09, 8-4-2012
0.125, 0.68,0.34999799999999937, -0.04999899999999968, -0.1399990000000031, 0.06999900000000281, 33.09, 33.02, 8-5-2012
0.25, 0.6756756756756757,0.3400000000000034, 0.06999900000000281, -0.08000100000000288, 0.0899999999999963, 33.02, 33.029999, 8-6-2012
0.2, 0.6,0.4500010000000003, 0.0899999999999963, -0.00999899999999343, 0.13999999999999346, 33.029999, 33.16, 8-7-2012
0.6, 0.7142857142857143,0.3599969999999999, 0.13999999999999346, -0.15000199999999353, 0.17000199999999666, 33.16, 33.18, 8-8-2012
0.375, 0.5666666666666667,0.3200000000000003, 0.17000199999999666, 0.07000000000000028, -0.22999999999999687, 33.18, 33.02, 8-9-2012
0.0, 0.6428571428571429,0.3899990000000031, -0.22999999999999687, -0.020000000000003126, 0.16999799999999965, 33.02, 33.169998, 8-10-2012
0.1, 0.5517241379310345,0.3400000000000034, 0.16999799999999965, 0.050003000000003794, -0.010002000000000066, 33.169998, 33.209999, 8-11-2012
0.2727272727272727, 0.6153846153846154,0.27999900000000366, -0.010002000000000066, 0.1100009999999969, -0.20999900000000338, 33.209999, 33.110001, 8-12-2012
0.3, 0.5833333333333334,0.3100019999999972, -0.20999900000000338, -0.07000000000000028, 0.18999900000000025, 33.110001, 33.23, 8-13-2012
0.2222222222222222, 0.5925925925925926,0.32999799999999624, 0.18999900000000025, 0.029998000000006186, -0.2299990000000065, 33.23, 33.029999, 8-14-2012
0.6666666666666666, 0.7619047619047619,0.5299989999999966, -0.2299990000000065, 0.08000200000000035, -0.20999899999999627, 33.029999, 32.900002, 8-15-2012
0.09090909090909091, 0.5142857142857142,0.40000199999999353, -0.20999899999999627, -0.04000100000000373, -0.10000299999999385, 32.900002, 32.759998, 8-16-2012
0.375, 0.8823529411764706,0.24000100000000657, -0.10000299999999385, -0.1399990000000031, 0.4099999999999966, 32.759998, 33.029999, 8-17-2012
0.14285714285714285, 0.4523809523809524,0.4799990000000065, 0.4099999999999966, 0.030002000000003193, 0.1299980000000005, 33.029999, 33.189999, 8-18-2012
0.4166666666666667, 0.7878787878787878,0.4500010000000003, 0.1299980000000005, -0.1099969999999999, 0.2299989999999994, 33.189999, 33.310001, 8-19-2012
0.23076923076923078, 0.6666666666666666,0.4300009999999972, 0.2299989999999994, 0.04999999999999716, 0.1399990000000031, 33.310001, 33.5, 8-20-2012
0.4444444444444444, 0.6486486486486487,0.2700009999999935, 0.1399990000000031, -0.24000199999999694, 0.030002999999993563, 33.5, 33.290001, 8-21-2012
0.2, 0.6086956521739131,0.2899969999999996, 0.030002999999993563, 0.07999800000000334, 0.04000099999999662, 33.290001, 33.41, 8-22-2012
0.18181818181818182, 0.5357142857142857,0.34999799999999937, -0.21000300000000038, 0.06000099999999975, -0.09999799999999937, 33.119999, 33.080002, 9-1-2012
0.18181818181818182, 0.7575757575757576,0.28000299999999356, -0.09999799999999937, 0.16999799999999965, 0.6799999999999997, 33.080002, 33.93, 9-2-2012
0.16666666666666666, 0.5428571428571428,0.6999970000000033, 0.6799999999999997, 0.07000000000000028, -0.020000000000003126, 33.93, 33.98, 9-3-2012
0.6666666666666666, 0.56,0.2899969999999996, -0.020000000000003126, 0.04999899999999968, -0.1999969999999962, 33.98, 33.830002, 9-4-2012
0.5, 0.7857142857142857,0.25, -0.1999969999999962, -0.010002000000000066, 0.22000099999999634, 33.830002, 34.040001, 9-5-2012
0.06666666666666667, 0.5,0.3600009999999969, 0.22000099999999634, 0.07000000000000028, -0.17000199999999666, 34.040001, 33.939999, 9-6-2012
0.07692307692307693, 0.5,0.38000100000000003, -0.17000199999999666, 0.030002000000003193, 0.8999979999999965, 33.939999, 34.869999, 9-7-2012
0.42857142857142855, 0.6944444444444444,0.9799999999999969, 0.8999979999999965, 0.04000099999999662, 0.020000000000003126, 34.869999, 34.93, 9-8-2012
0.625, 0.7222222222222222,0.40000200000000063, 0.020000000000003126, -0.010002000000000066, -0.7299989999999994, 34.93, 34.189999, 9-9-2012
0.3, 0.7058823529411765,0.8200000000000003, -0.7299989999999994, -0.09000100000000089, 0.09000100000000089, 34.189999, 34.189999, 9-10-2012
0.4166666666666667, 0.5121951219512195,0.28000300000000067, 0.09000100000000089, 0.04000099999999662, 0.11000000000000654, 34.189999, 34.34, 9-11-2012
0.375, 0.6333333333333333,0.38000100000000003, 0.11000000000000654, -0.25999800000000306, -0.04000100000000373, 34.34, 34.040001, 9-12-2012
0.125, 0.6,0.32999799999999624, -0.04000100000000373, 0.2700000000000031, -0.4600030000000004, 34.040001, 33.849998, 9-13-2012
0.0, 0.45,0.4600030000000004, -0.4600030000000004, -0.05999700000000274, 0.3899990000000031, 33.849998, 34.18, 9-14-2012
0.2, 0.6842105263157895,0.6000019999999964, 0.3899990000000031, 0.09000000000000341, -0.15000100000000316, 34.18, 34.119999, 9-15-2012
0.18181818181818182, 0.6538461538461539,0.5499989999999997, -0.15000100000000316, -0.16999799999999965, 0.0, 34.119999, 33.950001, 9-16-2012
0.5555555555555556, 0.7407407407407407,0.4099990000000062, 0.0, 0.11999899999999997, 0.0899999999999963, 33.950001, 34.16, 9-17-2012
0.14285714285714285, 0.5357142857142857,0.3899990000000031, 0.0899999999999963, 0.0, 0.1399990000000031, 34.16, 34.299999, 9-18-2012
0.2857142857142857, 0.6538461538461539,0.5900000000000034, -0.3600009999999969, 0.15000199999999353, -0.1599999999999966, 34.09, 34.080002, 10-1-2012
0.5, 0.6071428571428571,0.4500010000000003, -0.1599999999999966, 0.11999899999999997, 0.17999999999999972, 34.080002, 34.380001, 10-2-2012
0.07142857142857142, 0.4411764705882353,0.41999800000000675, 0.17999999999999972, 0.09999899999999684, 0.7099990000000034, 34.380001, 35.189999, 10-3-2012
0.6, 0.71875,0.7999999999999972, 0.7099990000000034, 0.15000100000000316, -0.42000200000000376, 35.189999, 34.919998, 10-4-2012
0.4444444444444444, 0.7857142857142857,0.6800000000000068, -0.42000200000000376, -0.07999799999999624, -0.02999900000000366, 34.919998, 34.810001, 10-5-2012
0.0, 0.5384615384615384,0.2700000000000031, -0.02999900000000366, 0.04999999999999716, -0.1800009999999972, 34.810001, 34.68, 10-6-2012
0.5, 0.696969696969697,0.4099999999999966, -0.1800009999999972, -0.3399999999999963, 0.25999799999999595, 34.68, 34.599998, 10-7-2012
0.4444444444444444, 0.7142857142857143,0.5099990000000005, 0.25999799999999595, 0.3100019999999972, -0.5200009999999935, 34.599998, 34.389999, 10-8-2012
0.25, 0.4074074074074074,0.5900000000000034, -0.5200009999999935, -0.3199990000000028, -0.34999899999999684, 34.389999, 33.720001, 10-9-2012
0.2, 0.56,0.5900000000000034, -0.34999899999999684, 0.1999969999999962, -0.2899969999999996, 33.720001, 33.630001, 10-10-2012
0.4, 0.55,0.6899980000000028, -0.2899969999999996, 0.2700010000000006, -0.29000100000000373, 33.630001, 33.610001, 10-11-2012
0.3333333333333333, 0.75,0.5899959999999993, -0.29000100000000373, 0.2299990000000065, 0.3600009999999969, 33.610001, 34.200001, 10-12-2012
0.23076923076923078, 0.53125,0.9099990000000062, 0.3600009999999969, 0.45999899999999627, -0.25999799999999595, 34.200001, 34.400002, 10-13-2012
0.6, 0.7058823529411765,0.6699989999999971, -0.25999799999999595, 0.009997999999995955, -0.17999999999999972, 34.400002, 34.23, 10-14-2012
0.3, 0.631578947368421,0.4300000000000068, -0.17999999999999972, -0.1300019999999975, 0.07000000000000028, 34.23, 34.169998, 10-15-2012
0.25, 0.6774193548387096,0.6100000000000065, 0.07000000000000028, -0.519995999999999, -0.29000100000000373, 34.169998, 33.360001, 10-16-2012
0.2857142857142857, 0.6666666666666666,0.7599980000000031, -0.29000100000000373, 0.04999899999999968, -0.27999899999999656, 33.360001, 33.130001, 10-17-2012
0.5, 0.7692307692307693,0.5700000000000003, -0.27999899999999656, 0.25, 0.09999899999999684, 33.130001, 33.48, 10-18-2012
0.4444444444444444, 0.6571428571428571,0.4100000000000037, 0.09999899999999684, -0.060001999999997224, -0.269995999999999, 33.48, 33.150002, 10-19-2012
0.2727272727272727, 0.5833333333333334,0.5200009999999935, -0.269995999999999, 0.12999699999999592, -0.06999999999999318, 33.150002, 33.209999, 10-20-2012
0.3333333333333333, 0.6666666666666666,0.5900000000000034, -0.06999999999999318, 0.06999999999999318, 0.38000100000000003, 33.209999, 33.66, 10-21-2012
0.3333333333333333, 0.40625,0.619999, 0.38000100000000003, 0.31000100000000685, -0.5400010000000037, 33.66, 33.43, 11-1-2012
0.2222222222222222, 0.7,0.6500010000000032, -0.5400010000000037, -0.15000100000000316, -0.13999999999999346, 33.43, 33.139999, 11-2-2012
0.1, 0.5454545454545454,0.4099999999999966, -0.13999999999999346, 0.07000000000000028, 0.38000100000000003, 33.139999, 33.59, 11-3-2012
0.25, 0.4482758620689655,0.6000019999999964, 0.38000100000000003, -0.2999990000000068, -0.9000019999999935, 33.59, 32.389999, 11-4-2012
0.14285714285714285, 0.7142857142857143,0.9400029999999973, -0.9000019999999935, 0.060001999999997224, -0.28000300000000067, 32.389999, 32.169998, 11-5-2012
0.6, 0.7307692307692307,0.7900010000000037, -0.28000300000000067, -0.039996999999999616, -0.030003000000000668, 32.169998, 32.099998, 11-6-2012
0.25, 0.5365853658536586,0.5400010000000037, -0.030003000000000668, 0.07000000000000028, -0.1099969999999999, 32.099998, 32.060001, 11-7-2012
0.375, 0.6923076923076923,0.27999800000000263, -0.1099969999999999, -0.2200009999999999, -0.13000100000000003, 32.060001, 31.709999, 11-8-2012
0.1111111111111111, 0.7,0.6700020000000002, -0.13000100000000003, 0.06000099999999975, -0.4400000000000013, 31.709999, 31.33, 11-9-2012
0.2, 0.5862068965517241,0.7300019999999989, -0.4400000000000013, -0.12000099999999847, 0.0, 31.33, 31.209999, 11-10-2012
0.14285714285714285, 0.6774193548387096,0.4299999999999997, 0.0, 0.06000099999999975, 0.2799990000000001, 31.209999, 31.549999, 11-11-2012
0.25, 0.5172413793103449,0.6000000000000014, 0.2799990000000001, 0.2400020000000005, 0.2900010000000002, 31.549999, 32.080002, 11-12-2012
0.07692307692307693, 0.5172413793103449,0.33999800000000135, 0.2900010000000002, -0.060001999999997224, 0.22999999999999687, 32.080002, 32.25, 11-13-2012
0.375, 0.6206896551724138,0.5700000000000003, 0.22999999999999687, 0.09999799999999937, -0.2999989999999997, 32.25, 32.049999, 11-14-2012
0.25, 0.6538461538461539,0.5199980000000011, -0.2999989999999997, 0.19000299999999726, 0.3400000000000034, 32.049999, 32.580002, 11-15-2012
0.375, 0.5757575757575758,0.47000100000000344, 0.3400000000000034, -0.3000030000000038, 0.10000200000000348, 32.580002, 32.380001, 11-16-2012
0.3333333333333333, 0.6944444444444444,0.3700030000000041, 0.10000200000000348, -0.07000000000000028, -0.21000300000000038, 32.380001, 32.099998, 11-17-2012
0.17647058823529413, 0.4473684210526316,0.3800019999999975, -0.21000300000000038, -0.14999699999999905, 0.4399980000000028, 32.099998, 32.389999, 11-18-2012
0.3, 0.7407407407407407,0.6399989999999995, 0.4399980000000028, 0.13999999999999346, -0.12999699999999592, 32.389999, 32.400002, 11-19-2012
0.36363636363636365, 0.5185185185185185,0.32999799999999624, -0.12999699999999592, -0.05000400000000127, -0.0899999999999963, 32.400002, 32.259998, 11-20-2012
0.16666666666666666, 0.5555555555555556,0.4399979999999992, -0.2999989999999997, 0.060001999999997224, -0.6800009999999972, 32.049999, 31.43, 12-1-2012
0.2727272727272727, 0.53125,0.879998999999998, -0.6800009999999972, 0.16000000000000014, 0.1700000000000017, 31.43, 31.76, 12-2-2012
0.23809523809523808, 0.45714285714285713,0.6699999999999982, 0.1700000000000017, -0.030000000000001137, 0.07999900000000082, 31.76, 31.809999, 12-3-2012
0.2, 0.6956521739130435,0.259999999999998, 0.07999900000000082, 0.050001999999999214, 0.15999900000000267, 31.809999, 32.02, 12-4-2012
0.5, 0.7241379310344828,0.3800009999999965, 0.15999900000000267, -0.06999900000000281, -0.05000100000000174, 32.02, 31.9, 12-5-2012
0.45454545454545453, 0.65,0.36999899999999997, -0.05000100000000174, 0.06999900000000281, 0.0, 31.9, 31.969999, 12-6-2012
0.3, 0.5833333333333334,0.4499980000000008, 0.0, 0.11000299999999896, -0.21000100000000188, 31.969999, 31.870001, 12-7-2012
0.6363636363636364, 0.5925925925925926,0.41999999999999815, -0.21000100000000188, 0.00999800000000306, -0.30999900000000125, 31.870001, 31.57, 12-8-2012
0.2222222222222222, 0.6285714285714286,0.4299999999999997, -0.30999900000000125, -0.02999900000000011, -0.1400010000000016, 31.57, 31.4, 12-9-2012
0.2, 0.5454545454545454,0.30999900000000125, -0.1400010000000016, 0.06999900000000281, 0.620001000000002, 31.4, 32.09, 12-10-2012
0.3, 0.68,0.7100009999999983, 0.620001000000002, 0.11999899999999997, 0.3600009999999969, 32.09, 32.57, 12-11-2012
0.2777777777777778, 0.6111111111111112,0.5499989999999997, 0.3600009999999969, -0.1800009999999972, -0.18999800000000278, 32.57, 32.200001, 12-12-2012
0.3333333333333333, 0.696969696969697,0.4799990000000065, -0.18999800000000278, 0.06999900000000281, 0.16999899999999712, 32.200001, 32.439999, 12-13-2012
0.2222222222222222, 0.6666666666666666,0.42000200000000376, 0.16999899999999712, -0.2899969999999996, 0.32999799999999624, 32.439999, 32.48, 12-14-2012
0.3333333333333333, 0.6666666666666666,0.640000999999998, 0.32999799999999624, -0.00999899999999343, -0.1600000000000037, 32.48, 32.310001, 12-15-2012
0.06666666666666667, 0.6333333333333333,0.40000100000000316, -0.1600000000000037, 0.07000000000000028, -0.12000299999999697, 32.310001, 32.259998, 12-16-2012
0.3125, 0.5185185185185185,0.3200000000000003, -0.12000299999999697, -0.18999800000000278, -0.04999999999999716, 32.259998, 32.02, 12-17-2012
0.1, 0.5666666666666667,0.75, -0.04999999999999716, -0.2900000000000027, -0.05000000000000071, 32.02, 31.68, 12-18-2012
0.4444444444444444, 0.5833333333333334,0.33999800000000135, -0.05000000000000071, -0.16000000000000014, 0.4200009999999992, 31.68, 31.940001, 12-19-2012
0.35294117647058826, 0.5789473684210527,0.5799979999999962, 0.5100020000000001, -0.09000000000000341, -0.370002999999997, 32.970001, 32.509998, 1-1-2013
0.45454545454545453, 0.6216216216216216,0.5200000000000031, -0.370002999999997, 0.3399999999999963, 0.3700030000000041, 32.509998, 33.220001, 1-2-2013
0.2222222222222222, 0.5882352941176471,0.6599999999999966, 0.3700030000000041, -0.12000300000000408, -0.17999999999999972, 33.220001, 32.919998, 1-3-2013
0.25, 0.4444444444444444,0.41999799999999965, -0.17999999999999972, -0.11999899999999997, 0.17000200000000376, 32.919998, 32.970001, 1-4-2013
0.1, 0.5714285714285714,0.38000100000000003, 0.17000200000000376, 0.09999899999999684, 0.20000000000000284, 32.970001, 33.27, 1-5-2013
0.3, 0.7272727272727273,0.36999899999999997, 0.20000000000000284, 0.2900009999999966, 0.07999800000000334, 33.27, 33.639999, 1-6-2013
0.4, 0.6896551724137931,0.5999979999999994, 0.07999800000000334, -0.05999700000000274, -0.08000200000000035, 33.639999, 33.5, 1-7-2013
0.4, 0.5641025641025641,0.3900030000000001, -0.08000200000000035, 0.029998999999996556, -0.05999799999999311, 33.5, 33.470001, 1-8-2013
0.6, 0.6071428571428571,0.36999899999999997, -0.05999799999999311, -0.08000200000000035, -0.11000000000000654, 33.470001, 33.279999, 1-9-2013
0.2222222222222222, 0.6666666666666666,0.33000200000000035, -0.11000000000000654, -0.5399969999999996, 0.4100000000000037, 33.279999, 33.150002, 1-10-2013
0.17647058823529413, 0.53125,0.5499989999999997, 0.4100000000000037, 0.20999899999999627, -0.6000029999999938, 33.150002, 32.759998, 1-11-2013
0.625, 0.6923076923076923,0.6399999999999935, -0.6000029999999938, 0.13000100000000003, -0.020000000000003126, 32.759998, 32.869999, 1-12-2013
0.3333333333333333, 0.6785714285714286,0.4300000000000068, -0.020000000000003126, -0.039996999999999616, 0.16999799999999965, 32.869999, 33.0, 1-13-2013
0.3, 0.6363636363636364,0.4299999999999997, 0.16999799999999965, -0.08000200000000035, 0.17000200000000376, 33.0, 33.09, 1-14-2013
0.5, 0.6052631578947368,0.24000200000000405, 0.17000200000000376, 0.009997999999995955, 0.010002999999997542, 33.09, 33.110001, 1-15-2013
0.3333333333333333, 0.6190476190476191,0.36999899999999997, 0.010002999999997542, 0.1399990000000031, -0.08000200000000035, 33.110001, 33.169998, 1-16-2013
0.23076923076923078, 0.5789473684210527,0.3199999999999932, -0.08000200000000035, 0.08000200000000035, -0.08000200000000035, 33.169998, 33.169998, 1-17-2013
0.2, 0.5333333333333333,0.29000000000000625, -0.08000200000000035, -0.019995999999999015, 0.17999999999999972, 33.169998, 33.330002, 1-18-2013
0.25, 0.4838709677419355,0.36999899999999997, 0.17999999999999972, -0.38000100000000003, 0.18999800000000278, 33.330002, 33.139999, 1-19-2013
0.23076923076923078, 0.48717948717948717,0.34999899999999684, 0.18999800000000278, -0.14999700000000615, 0.10999600000000243, 33.139999, 33.099998, 1-20-2013
0.16666666666666666, 0.6666666666666666,0.26000200000000007, 0.030003000000000668, -0.22000200000000092, -0.22000099999999634, 33.400002, 32.959999, 2-1-2013
0.2222222222222222, 0.6451612903225806,0.4099999999999966, -0.22000099999999634, 0.15000199999999353, 0.020000000000003126, 32.959999, 33.130001, 2-2-2013
0.18181818181818182, 0.48484848484848486,0.20999900000000338, 0.020000000000003126, -0.15000100000000316, 0.630001, 33.130001, 33.610001, 2-3-2013
0.3333333333333333, 0.6666666666666666,0.6500010000000032, 0.630001, -0.010002999999997542, -0.05999700000000274, 33.610001, 33.540001, 2-4-2013
0.2, 0.5588235294117647,0.42000199999999666, -0.05999700000000274, 0.02999900000000366, 0.08000200000000035, 33.540001, 33.650002, 2-5-2013
0.1111111111111111, 0.6,0.1800009999999972, 0.08000200000000035, 0.17999999999999972, 0.25999800000000306, 33.650002, 34.09, 2-6-2013
0.2, 0.6,0.5900000000000034, 0.25999800000000306, 0.009997999999995955, 0.21000300000000038, 34.09, 34.310001, 2-7-2013
0.0, 0.7307692307692307,0.360001000000004, 0.21000300000000038, 0.039996999999999616, -0.41999799999999965, 34.310001, 33.93, 2-8-2013
0.08333333333333333, 0.6,0.5700000000000003, -0.41999799999999965, -0.18999800000000278, 0.25, 33.93, 33.990002, 2-9-2013
1.0, 0.7857142857142857,0.3199990000000028, 0.25, 0.09000000000000341, -0.17000200000000376, 33.990002, 33.91, 2-10-2013
0.2, 0.5714285714285714,0.4300009999999972, -0.17000200000000376, -0.0899999999999963, 0.26000200000000007, 33.91, 34.080002, 2-11-2013
0.4, 0.84,0.44000299999999726, 0.26000200000000007, -0.09000000000000341, -0.14000399999999757, 34.080002, 33.849998, 2-12-2013
0.3333333333333333, 0.6060606060606061,0.26000200000000007, -0.14000399999999757, -0.02999799999999908, -0.04999999999999716, 33.849998, 33.77, 2-13-2013
0.3333333333333333, 0.625,0.3199990000000028, -0.04999999999999716, 0.09000099999999378, 0.020000000000003126, 33.77, 33.880001, 2-14-2013
0.38095238095238093, 0.5454545454545454,0.4100000000000037, 0.020000000000003126, 0.09000000000000341, -0.630001, 33.880001, 33.34, 2-15-2013
0.3333333333333333, 0.5185185185185185,0.759997999999996, -0.630001, 0.18999899999999315, 0.26000200000000007, 33.34, 33.790001, 2-16-2013
0.0, 0.5161290322580645,0.5499989999999997, 0.26000200000000007, -0.030002999999993563, 0.2700009999999935, 33.790001, 34.029999, 2-17-2013
0.14285714285714285, 0.5909090909090909,0.4099999999999966, 0.2700009999999935, 0.030002000000003193, -0.08000100000000288, 34.029999, 33.98, 2-18-2013
0.16666666666666666, 0.5428571428571428,0.5400010000000037, 0.25999800000000306, -0.01999600000000612, 0.2899969999999996, 34.009998, 34.279999, 3-1-2013
0.36363636363636365, 0.7222222222222222,0.4299999999999997, 0.2899969999999996, 0.1600000000000037, -0.6299980000000005, 34.279999, 33.810001, 3-2-2013
0.0, 0.5,1.1499979999999965, -0.6299980000000005, 0.07000000000000028, -0.1399990000000031, 33.810001, 33.740002, 3-3-2013
0.2222222222222222, 0.6923076923076923,0.48999799999999993, -0.1399990000000031, 0.039996999999999616, 0.3700030000000041, 33.740002, 34.150002, 3-4-2013
0.8571428571428571, 0.6470588235294118,0.4399980000000028, 0.3700030000000041, 0.09999799999999937, -0.020000000000003126, 34.150002, 34.23, 3-5-2013
0.25, 0.696969696969697,0.3400009999999938, -0.020000000000003126, 0.020000000000003126, 0.1599999999999966, 34.23, 34.41, 3-6-2013
0.75, 0.84,0.39999699999999905, 0.1599999999999966, -0.04000099999999662, -0.029998999999996556, 34.41, 34.34, 3-7-2013
0.25, 0.6470588235294118,0.1599999999999966, -0.029998999999996556, -0.02999900000000366, -0.0899999999999963, 34.34, 34.220001, 3-8-2013
0.4, 0.5757575757575758,0.2299989999999994, -0.0899999999999963, 0.0899999999999963, -0.25, 34.220001, 34.060001, 3-9-2013
0.08333333333333333, 0.3333333333333333,0.4799989999999994, -0.25, -0.2299989999999994, 0.3899990000000031, 34.060001, 34.220001, 3-10-2013
0.1875, 0.675,0.48999799999999993, 0.3899990000000031, -0.3500020000000035, 0.26000200000000007, 34.220001, 34.130001, 3-11-2013
0.3076923076923077, 0.7567567567567568,0.42000200000000376, 0.26000200000000007, 0.04999899999999968, -0.2299989999999994, 34.130001, 33.950001, 3-12-2013
0.5, 0.8787878787878788,0.4799990000000065, -0.2299989999999994, 0.16999799999999965, -0.18999900000000025, 33.950001, 33.93, 3-13-2013
0.08333333333333333, 0.37037037037037035,0.35000299999999385, -0.18999900000000025, -0.15000100000000316, -0.22999999999999687, 33.93, 33.549999, 3-14-2013
0.2857142857142857, 0.6363636363636364,0.36999899999999997, -0.22999999999999687, 0.04000100000000373, -0.020000000000003126, 33.549999, 33.57, 3-15-2013
0.4, 0.46875,0.31000099999999975, -0.020000000000003126, 0.20000000000000284, -0.10000200000000348, 33.57, 33.669998, 3-16-2013
0.0, 0.6857142857142857,0.3600009999999969, -0.10000200000000348, 0.0, 0.010002000000000066, 33.669998, 33.68, 3-17-2013
0.2222222222222222, 0.6176470588235294,0.22000100000000344, 0.010002000000000066, -0.20000000000000284, 0.2799980000000062, 33.68, 33.759998, 3-18-2013
0.6666666666666666, 0.6896551724137931,0.4399980000000028, 0.2799980000000062, -0.04999899999999968, 0.22000099999999634, 33.759998, 33.93, 3-19-2013
0.0, 0.5454545454545454,0.2000009999999932, 0.060001999999997224, 0.039996999999999616, 0.06999900000000281, 33.990002, 34.099998, 4-1-2013
0.4444444444444444, 0.6071428571428571,0.19000199999999978, 0.06999900000000281, -0.039996999999999616, -0.3900030000000001, 34.099998, 33.669998, 4-2-2013
0.2, 0.4117647058823529,0.5900009999999938, -0.3900030000000001, 0.08000200000000035, 0.07000000000000028, 33.669998, 33.82, 4-3-2013
0.8333333333333334, 0.7333333333333333,0.2999989999999997, 0.07000000000000028, -0.29000100000000373, -0.16999799999999965, 33.82, 33.360001, 4-4-2013
0.3333333333333333, 0.625,0.34999899999999684, -0.16999799999999965, 0.0, 0.32999800000000334, 33.360001, 33.689999, 4-5-2013
0.14285714285714285, 0.53125,0.4499970000000033, 0.32999800000000334, 0.04000099999999662, -0.04000099999999662, 33.689999, 33.689999, 4-6-2013
0.375, 0.7666666666666667,0.39000000000000057, -0.04000099999999662, 0.030002000000003193, 0.4699979999999968, 33.689999, 34.189999, 4-7-2013
0.5, 0.5833333333333334,0.5800019999999932, 0.4699979999999968, 0.030002000000003193, -0.020000000000003126, 34.189999, 34.200001, 4-8-2013
0.6666666666666666, 0.7604166666666666,0.38000100000000003, -0.020000000000003126, -0.26000200000000007, 0.1400030000000001, 34.200001, 34.080002, 4-9-2013
0.35714285714285715, 0.6582278481012658,0.2299990000000065, 0.1400030000000001, -0.10000200000000348, -0.6699989999999971, 34.080002, 33.310001, 4-10-2013
0.2727272727272727, 0.6904761904761905,0.7299990000000065, -0.6699989999999971, -0.10999999999999943, -0.4799999999999969, 33.310001, 32.720001, 4-11-2013
0.3125, 0.7702702702702703,0.880001, -0.4799999999999969, -0.33000200000000035, -0.00999800000000306, 32.720001, 32.380001, 4-12-2013
0.25, 0.6944444444444444,0.48999799999999993, -0.00999800000000306, 0.05999800000000022, -0.16999899999999712, 32.380001, 32.27, 4-13-2013
0.20833333333333334, 0.6440677966101694,0.4499990000000018, -0.16999899999999712, 0.13999999999999346, 0.09999800000000647, 32.27, 32.509998, 4-14-2013
0.19444444444444445, 0.5540540540540541,0.36999899999999997, 0.09999800000000647, 0.020000999999993496, -0.05999799999999311, 32.509998, 32.470001, 4-15-2013
0.19444444444444445, 0.5087719298245614,0.34999799999999937, -0.05999799999999311, 0.1599999999999966, 0.18999900000000025, 32.470001, 32.82, 4-16-2013
0.16666666666666666, 0.6090909090909091,0.4099989999999991, 0.18999900000000025, 0.06000099999999975, 0.2700010000000006, 32.82, 33.150002, 4-17-2013
0.32, 0.625,0.4400020000000069, 0.2700010000000006, 0.10999600000000243, 0.05000299999999669, 33.150002, 33.310001, 4-18-2013
0.3684210526315789, 0.6,0.3100019999999972, 0.05000299999999669, 0.009999000000000535, -0.18999900000000025, 33.310001, 33.130001, 4-19-2013
0.2692307692307692, 0.55,0.25, -0.18999900000000025, 0.05999800000000022, 0.10000199999999637, 33.130001, 33.290001, 4-20-2013
0.2962962962962963, 0.5757575757575758,0.30999700000000274, 0.10000199999999637, -0.020000999999993496, 0.00999899999999343, 33.290001, 33.279999, 4-21-2013
0.17391304347826086, 0.6575342465753424,0.5200009999999935, -0.4100000000000037, 0.11999899999999997, -0.34999799999999937, 32.810001, 32.580002, 5-1-2013
0.4166666666666667, 0.6593406593406593,0.40000100000000316, -0.34999799999999937, 0.23999799999999993, -0.04999999999999716, 32.580002, 32.77, 5-2-2013
0.23333333333333334, 0.7204301075268817,0.22999999999999687, -0.04999999999999716, 0.020000999999993496, 0.09999800000000647, 32.77, 32.889999, 5-3-2013
0.24242424242424243, 0.6444444444444445,0.2700000000000031, 0.09999800000000647, 0.1599999999999966, 0.10000300000000095, 32.889999, 33.150002, 5-4-2013
0.18181818181818182, 0.5972222222222222,0.36999899999999997, 0.10000300000000095, -0.10000300000000095, 0.28000300000000067, 33.150002, 33.330002, 5-5-2013
0.25, 0.6056338028169014,0.3200000000000003, 0.28000300000000067, 0.019995999999999015, -0.039996999999999616, 33.330002, 33.310001, 5-6-2013
0.48148148148148145, 0.7380952380952381,0.4099989999999991, -0.039996999999999616, 0.05999800000000022, 0.12000299999999697, 33.310001, 33.490002, 5-7-2013
0.38095238095238093, 0.6896551724137931,0.2900009999999966, 0.12000299999999697, -0.1100009999999969, 0.11999899999999997, 33.490002, 33.5, 5-8-2013
0.3333333333333333, 0.6551724137931034,0.40000200000000063, 0.11999899999999997, 0.029998999999996556, 0.36000000000000654, 33.5, 33.889999, 5-9-2013
0.6666666666666666, 0.6774193548387096,0.42000199999999666, 0.36000000000000654, -0.029998000000006186, 0.4799990000000065, 33.889999, 34.34, 5-10-2013
0.36363636363636365, 0.7931034482758621,0.6399990000000031, 0.4799990000000065, 0.0, -0.02999900000000366, 34.34, 34.310001, 5-11-2013
0.3, 0.5862068965517241,0.2900009999999966, -0.02999900000000366, 0.039996999999999616, 0.3200000000000003, 34.310001, 34.669998, 5-12-2013
0.16666666666666666, 0.5384615384615384,0.4799999999999969, 0.3200000000000003, -0.07000000000000028, 0.5300030000000007, 34.669998, 35.130001, 5-13-2013
0.16666666666666666, 0.64,0.8299980000000033, 0.5300030000000007, 0.0200010000000006, 0.139998999999996, 35.130001, 35.290001, 5-14-2013
0.3333333333333333, 0.5833333333333334,0.2700000000000031, 0.139998999999996, -0.38000100000000003, 0.4599990000000034, 35.290001, 35.369999, 5-15-2013
0.25, 0.6666666666666666,0.990002000000004, 0.4599990000000034, -0.34999899999999684, 0.20000100000000032, 35.369999, 35.220001, 5-16-2013
0.5, 0.6428571428571429,0.34999799999999937, 0.20000100000000032, -0.18000000000000682, 0.36999899999999997, 35.220001, 35.41, 5-17-2013
0.125, 0.631578947368421,0.5600009999999997, 0.36999899999999997, 0.4300000000000068, -0.2999990000000068, 35.41, 35.540001, 5-18-2013
0.06666666666666667, 0.6216216216216216,0.4299999999999997, -0.2999990000000068, -0.24000199999999694, 0.030003000000000668, 35.540001, 35.330002, 5-19-2013
0.4444444444444444, 0.6071428571428571,0.3100019999999972, 0.030003000000000668, 0.0899959999999993, 0.1100009999999969, 35.330002, 35.529999, 5-20-2013
0.0, 0.48,0.5200000000000031, 0.1100009999999969, -0.09999899999999684, -0.36999899999999997, 35.529999, 35.060001, 5-21-2013
0.2857142857142857, 0.72,0.36999899999999997, 0.18999800000000278, 0.04000099999999662, -0.05000299999999669, 35.27, 35.259998, 6-1-2013
0.1, 0.6578947368421053,0.34999799999999937, -0.05000299999999669, -0.10999600000000243, -0.14000399999999757, 35.259998, 35.009998, 6-2-2013
0.28, 0.6333333333333333,0.48999799999999993, -0.14000399999999757, -0.16999799999999965, 0.5400009999999966, 35.009998, 35.380001, 6-3-2013
0.2222222222222222, 0.7301587301587301,0.6500020000000006, 0.5400009999999966, 0.16999799999999965, 0.3200000000000003, 35.380001, 35.869999, 6-4-2013
0.125, 0.7105263157894737,0.5, 0.3200000000000003, 0.12000299999999697, -0.40000199999999353, 35.869999, 35.59, 6-5-2013
0.2857142857142857, 0.8,0.43999900000000025, -0.40000199999999353, -0.22000100000000344, 0.04000099999999662, 35.59, 35.41, 6-6-2013
0.3076923076923077, 0.6333333333333333,0.3400000000000034, 0.04000099999999662, 0.04000100000000373, -0.04999899999999968, 35.41, 35.400002, 6-7-2013
0.3076923076923077, 0.5882352941176471,0.32999799999999624, -0.04999899999999968, -0.05000400000000127, 0.11000100000000401, 35.400002, 35.459999, 6-8-2013
0.6666666666666666, 0.8055555555555556,0.4399980000000028, 0.11000100000000401, -0.04000100000000373, -0.4099999999999966, 35.459999, 35.009998, 6-9-2013
0.2, 0.5945945945945946,0.4599990000000034, -0.4099999999999966, 0.2200019999999938, 0.0, 35.009998, 35.23, 6-10-2013
0.14285714285714285, 0.7142857142857143,0.34999899999999684, 0.0, -0.00999899999999343, 0.12999699999999592, 35.23, 35.349998, 6-11-2013
0.3333333333333333, 0.6578947368421053,0.2999989999999997, 0.12999699999999592, 0.05000400000000127, -0.21000300000000038, 35.349998, 35.189999, 6-12-2013
0.0, 0.5918367346938775,0.5, -0.21000300000000038, -0.22999999999999687, 0.10000199999999637, 35.189999, 35.060001, 6-13-2013
0.25, 0.59375,0.4600030000000004, 0.10000199999999637, 0.3200000000000003, 0.18999900000000025, 35.060001, 35.57, 6-14-2013
0.0, 0.45161290322580644,0.5699990000000028, 0.18999900000000025, -0.3600009999999969, 0.17999999999999972, 35.57, 35.389999, 6-15-2013
0.4166666666666667, 0.75,0.5499999999999972, 0.17999999999999972, 0.27999899999999656, 0.2700010000000006, 35.389999, 35.939999, 6-16-2013
0.16666666666666666, 0.59375,0.5, 0.2700010000000006, 0.06999900000000281, -0.07999800000000334, 35.939999, 35.93, 6-17-2013
0.08333333333333333, 0.5625,0.33000200000000035, -0.07999800000000334, 0.16999799999999965, 0.04000100000000373, 35.93, 36.139999, 6-18-2013
0.3, 0.6470588235294118,0.41999799999999965, 0.04000100000000373, 0.0, 0.010002999999997542, 36.139999, 36.150002, 6-19-2013
0.4, 0.7307692307692307,0.34999800000000647, -0.04999999999999716, -0.030002000000003193, 0.020000000000003126, 36.310001, 36.299999, 7-1-2013
0.4, 0.6875,0.5800020000000004, 0.020000000000003126, -0.14999699999999905, 0.19999599999999873, 36.299999, 36.349998, 7-2-2013
0.375, 0.7666666666666667,0.40000200000000063, 0.19999599999999873, 0.17000200000000376, 0.23999799999999993, 36.349998, 36.759998, 7-3-2013
0.14285714285714285, 0.6296296296296297,0.2999989999999997, 0.23999799999999993, 0.12000299999999697, 0.16999799999999965, 36.759998, 37.049999, 7-4-2013
0.14285714285714285, 0.7647058823529411,0.3099980000000002, 0.16999799999999965, 0.17000200000000376, 0.06999999999999318, 37.049999, 37.290001, 7-5-2013
0.42857142857142855, 0.7631578947368421,0.4100000000000037, 0.06999999999999318, -0.08000199999999325, -0.1399990000000031, 37.290001, 37.07, 7-6-2013
0.35294117647058826, 0.717948717948718,0.45000000000000284, -0.1399990000000031, 0.18999800000000278, -0.10999600000000243, 37.07, 37.150002, 7-7-2013
0.2857142857142857, 0.5806451612903226,0.47000100000000344, -0.10999600000000243, 0.10999600000000243, 0.40000199999999353, 37.150002, 37.66, 7-8-2013
0.2857142857142857, 0.6551724137931034,0.619999, 0.40000199999999353, 0.060001000000006854, -0.22000100000000344, 37.66, 37.5, 7-9-2013
0.25, 0.7666666666666667,0.4300009999999972, -0.22000100000000344, 0.0, -0.22999999999999687, 37.5, 37.27, 7-10-2013
0.18181818181818182, 0.6451612903225806,0.630001, -0.22999999999999687, -0.4299999999999997, -0.09999800000000647, 37.27, 36.740002, 7-11-2013
0.3333333333333333, 0.6774193548387096,0.6999959999999987, -0.09999800000000647, 0.1399990000000031, 0.18999900000000025, 36.740002, 37.07, 7-12-2013
0.0, 0.8064516129032258,0.29999999999999716, 0.18999900000000025, -0.0200010000000006, 0.20999900000000338, 37.07, 37.259998, 7-13-2013
0.375, 0.696969696969697,0.5200010000000006, 0.20999900000000338, -0.029998000000006186, 0.11999800000000249, 37.259998, 37.349998, 7-14-2013
0.2, 0.7058823529411765,0.29999999999999716, 0.11999800000000249, 0.0, 0.19000299999999726, 37.349998, 37.540001, 7-15-2013
0.25, 0.6923076923076923,0.5099989999999934, 0.19000299999999726, 0.07999800000000334, -0.07999800000000334, 37.540001, 37.540001, 7-16-2013
0.3, 0.6575342465753424,0.23999799999999993, -0.07999800000000334, -0.24000199999999694, 0.1600000000000037, 37.540001, 37.459999, 7-17-2013
0.14814814814814814, 0.5945945945945946,0.36000000000000654, 0.1600000000000037, -0.1600000000000037, 0.24000199999999694, 37.459999, 37.540001, 7-18-2013
0.15789473684210525, 0.6307692307692307,0.4300009999999972, 0.24000199999999694, -0.020000999999993496, -0.029998000000006186, 37.540001, 37.490002, 7-19-2013
0.3684210526315789, 0.7413793103448276,0.29000100000000373, -0.029998000000006186, 0.2299990000000065, -0.020000000000003126, 37.490002, 37.700001, 7-20-2013
0.16666666666666666, 0.65,0.3199990000000028, -0.020000000000003126, 0.09999799999999937, -0.4799989999999994, 37.700001, 37.32, 7-21-2013
0.15789473684210525, 0.6190476190476191,0.33000200000000035, 0.0, -0.07999799999999624, 0.18999800000000278, 37.66, 37.77, 8-1-2013
0.3076923076923077, 0.6447368421052632,0.27999900000000366, 0.18999800000000278, -0.08000100000000288, 0.05000299999999669, 37.77, 37.740002, 8-2-2013
0.42857142857142855, 0.6133333333333333,0.24000199999999694, 0.05000299999999669, -0.020000999999993496, -0.11000000000000654, 37.740002, 37.610001, 8-3-2013
0.16666666666666666, 0.6515151515151515,0.25, -0.11000000000000654, -0.17000199999999666, -0.22999999999999687, 37.610001, 37.209999, 8-4-2013
0.15384615384615385, 0.5617977528089888,0.43999900000000025, -0.22999999999999687, 0.17999999999999972, -0.04000100000000373, 37.209999, 37.349998, 8-5-2013
0.2727272727272727, 0.6176470588235294,0.4599990000000034, -0.04000100000000373, -0.039996999999999616, -0.1400030000000001, 37.349998, 37.169998, 8-6-2013
0.12, 0.569620253164557,0.34999800000000647, -0.1400030000000001, -0.1099969999999999, 0.09999899999999684, 37.169998, 37.16, 8-7-2013
0.28, 0.6551724137931034,0.3600009999999969, 0.09999899999999684, 0.0, -0.04999899999999968, 37.16, 37.110001, 8-8-2013
0.2, 0.5714285714285714,0.3199990000000028, -0.04999899999999968, 0.04000100000000373, -0.1800009999999972, 37.110001, 36.970001, 8-9-2013
0.19444444444444445, 0.5507246376811594,0.26000200000000007, -0.1800009999999972, -0.050003000000003794, -0.14999799999999652, 36.970001, 36.77, 8-10-2013
0.047619047619047616, 0.625,0.41999799999999965, -0.14999799999999652, -0.08000100000000288, 0.2299989999999994, 36.77, 36.919998, 8-11-2013
0.2916666666666667, 0.6666666666666666,0.33000200000000035, 0.2299989999999994, -0.04999899999999968, -0.20999900000000338, 36.919998, 36.66, 8-12-2013
0.3076923076923077, 0.6575342465753424,0.2900009999999966, -0.20999900000000338, -0.029998999999996556, 0.22999999999999687, 36.66, 36.860001, 8-13-2013
0.25, 0.6888888888888889,0.5, 0.22999999999999687, -0.11999899999999997, 0.04999899999999968, 36.860001, 36.790001, 8-14-2013
0.16, 0.6231884057971014,0.43999900000000025, 0.04999899999999968, 0.04999900000000679, 0.5600019999999972, 36.790001, 37.400002, 8-15-2013
0.1875, 0.6417910447761194,0.6600000000000037, 0.5600019999999972, 0.17999999999999972, -0.26000200000000007, 37.400002, 37.32, 8-16-2013
0.21739130434782608, 0.5714285714285714,0.45999899999999627, -0.26000200000000007, 0.09999799999999937, -0.5, 37.32, 36.919998, 8-17-2013
0.1875, 0.7246376811594203,0.5, -0.5, -0.3200000000000003, -0.48999700000000246, 36.919998, 36.110001, 8-18-2013
0.29411764705882354, 0.7083333333333334,0.6399990000000031, -0.48999700000000246, 0.0, 0.0, 36.110001, 36.110001, 8-19-2013
0.12903225806451613, 0.5857142857142857,0.31000100000000685, 0.0, -0.1100009999999969, 0.1100009999999969, 36.110001, 36.110001, 8-20-2013
0.36363636363636365, 0.603448275862069,0.48999700000000246, 0.1100009999999969, 0.05999700000000274, -0.039996999999999616, 36.110001, 36.130001, 8-21-2013
0.12, 0.5764705882352941,0.7099989999999963, -0.39999800000000363, -0.06000099999999975, 0.13000100000000003, 36.060001, 36.130001, 9-1-2013
0.15, 0.5483870967741935,0.4099999999999966, 0.13000100000000003, 0.0200010000000006, 0.5499989999999997, 36.130001, 36.700001, 9-2-2013
0.3076923076923077, 0.5645161290322581,0.7100030000000004, 0.5499989999999997, 0.07999799999999624, -0.3099979999999931, 36.700001, 36.470001, 9-3-2013
0.35294117647058826, 0.5681818181818182,0.6100009999999969, -0.3099979999999931, 0.00999899999999343, -0.1599999999999966, 36.470001, 36.32, 9-4-2013
0.2222222222222222, 0.5970149253731343,0.6100009999999969, -0.1599999999999966, 0.18999800000000278, 0.20000100000000032, 36.32, 36.709999, 9-5-2013
0.2777777777777778, 0.75,0.35000299999999385, 0.20000100000000032, 0.06000099999999975, -0.09000000000000341, 36.709999, 36.68, 9-6-2013
0.5, 0.7976190476190477,0.3199990000000028, -0.09000000000000341, 0.07999800000000334, 0.1100009999999969, 36.68, 36.869999, 9-7-2013
0.23529411764705882, 0.6206896551724138,0.9000010000000032, 0.1100009999999969, 0.06000099999999975, 0.20999900000000338, 36.869999, 37.139999, 9-8-2013
0.47368421052631576, 0.6911764705882353,0.29999999999999716, 0.20999900000000338, 0.45999899999999627, -0.0899999999999963, 37.139999, 37.509998, 9-9-2013
0.7, 0.7564102564102564,0.33000200000000035, -0.0899999999999963, 0.1100009999999969, -0.09999899999999684, 37.509998, 37.52, 9-10-2013
0.16666666666666666, 0.6388888888888888,0.3399999999999963, -0.09999899999999684, 0.04999999999999716, 0.2700000000000031, 37.52, 37.84, 9-11-2013
0.2413793103448276, 0.6206896551724138,0.7299999999999969, 0.2700000000000031, 0.2000009999999932, -0.33000199999999325, 37.84, 37.709999, 9-12-2013
0.2916666666666667, 0.676923076923077,0.6099999999999994, -0.33000199999999325, 0.04000099999999662, 0.09999799999999937, 37.709999, 37.849998, 9-13-2013
0.3, 0.7741935483870968,0.40000100000000316, 0.09999799999999937, -0.09999799999999937, -0.3899990000000031, 37.849998, 37.360001, 9-14-2013
0.4444444444444444, 0.75,0.5900000000000034, -0.3899990000000031, 0.04000100000000373, -0.5, 37.360001, 36.900002, 9-15-2013
0.0, 0.6666666666666666,0.5900010000000009, -0.5, -0.030003000000000668, -0.1100009999999969, 36.900002, 36.759998, 9-16-2013
0.14285714285714285, 0.7307692307692307,0.4500010000000003, -0.1100009999999969, -0.09999800000000647, -0.11999899999999997, 36.759998, 36.540001, 9-17-2013
0.2222222222222222, 0.5714285714285714,0.3899990000000031, -0.11999899999999997, -0.2000009999999932, 0.1599999999999966, 36.540001, 36.5, 9-18-2013
0.5, 0.7272727272727273,0.3400010000000009, 0.1599999999999966, -0.25999800000000306, 0.3400000000000034, 36.5, 36.580002, 9-19-2013
0.2857142857142857, 0.6538461538461539,0.2999989999999997, 0.020000000000003126, -0.20000100000000032, -0.11999899999999997, 36.709999, 36.389999, 10-1-2013
0.5555555555555556, 0.6071428571428571,0.25, -0.11999899999999997, -0.05999700000000274, 0.019995999999999015, 36.389999, 36.349998, 10-2-2013
0.2727272727272727, 0.6296296296296297,0.25, 0.019995999999999015, -0.04999899999999968, 0.3200000000000003, 36.349998, 36.619999, 10-3-2013
0.14285714285714285, 0.7058823529411765,0.38000100000000003, 0.3200000000000003, -0.2700010000000006, -0.21999699999999933, 36.619999, 36.130001, 10-4-2013
1.0, 0.8181818181818182,0.29000100000000373, -0.21999699999999933, -0.07000000000000028, -0.35999999999999943, 36.130001, 35.700001, 10-5-2013
0.0, 0.4838709677419355,0.49000099999999946, -0.35999999999999943, 0.11999899999999997, 0.1399990000000031, 35.700001, 35.959999, 10-6-2013
0.25, 0.6875,0.3799969999999959, 0.1399990000000031, 0.28000299999999356, 0.6999970000000033, 35.959999, 36.939999, 10-7-2013
0.375, 0.7804878048780488,0.7299990000000065, 0.6999970000000033, -0.18999900000000025, 0.2999989999999997, 36.939999, 37.049999, 10-8-2013
0.42857142857142855, 0.6896551724137931,0.6399990000000031, 0.2999989999999997, -0.10999999999999943, 0.24000099999999946, 37.049999, 37.18, 10-9-2013
0.47058823529411764, 0.6410256410256411,0.34999799999999937, 0.24000099999999946, -0.020000000000003126, -0.27999899999999656, 37.18, 36.880001, 10-10-2013
0.18181818181818182, 0.7333333333333333,0.48999799999999993, -0.27999899999999656, 0.20999900000000338, 0.15000199999999353, 36.880001, 37.240002, 10-11-2013
0.5, 0.7333333333333333,0.8599969999999999, 0.15000199999999353, -0.060001999999997224, 0.5, 37.240002, 37.68, 10-12-2013
0.375, 0.6,0.6100009999999969, 0.5, 0.16999799999999965, 0.07000000000000028, 37.68, 37.919998, 10-13-2013
0.3333333333333333, 0.5862068965517241,0.49000200000000405, 0.07000000000000028, 0.010002000000000066, 0.13000100000000003, 37.919998, 38.060001, 10-14-2013
0.1875, 0.375,0.3400000000000034, 0.13000100000000003, 0.0200010000000006, -0.010002000000000066, 38.060001, 38.07, 10-15-2013
0.4166666666666667, 0.7241379310344828,0.26000200000000007, -0.010002000000000066, -0.04000100000000373, -0.04999899999999968, 38.07, 37.98, 10-16-2013
0.26666666666666666, 0.5555555555555556,0.2800020000000032, -0.04999899999999968, -0.07999799999999624, -0.10000300000000095, 37.98, 37.799999, 10-17-2013
0.25, 0.6086956521739131,0.4799999999999969, -0.10000300000000095, 0.08000200000000035, -0.04999899999999968, 37.799999, 37.830002, 10-18-2013
0.5, 0.5806451612903226,0.6100009999999969, -0.04999899999999968, -0.04000100000000373, -0.030002999999993563, 37.830002, 37.759998, 10-19-2013
0.42857142857142855, 0.75,0.31000099999999975, -0.030002999999993563, 0.13000100000000003, -0.05999700000000274, 37.759998, 37.830002, 10-20-2013
0.14285714285714285, 0.6206896551724138,0.2299989999999994, -0.05999700000000274, -0.010002000000000066, -0.060001999999997224, 37.830002, 37.759998, 10-21-2013
0.16666666666666666, 0.5161290322580645,0.20000000000000284, -0.060001999999997224, 0.07000399999999729, -0.47000100000000344, 37.759998, 37.360001, 10-22-2013
0.4, 0.8823529411764706,0.41999799999999965, 0.0, 0.04000099999999662, 0.13000100000000003, 37.369999, 37.540001, 11-1-2013
0.25, 0.5833333333333334,0.26000299999999754, 0.13000100000000003, -0.04000099999999662, 0.16999799999999965, 37.540001, 37.669998, 11-2-2013
0.2222222222222222, 0.7931034482758621,0.389998999999996, 0.16999799999999965, 0.09000000000000341, 0.1599999999999966, 37.669998, 37.919998, 11-3-2013
0.125, 0.6785714285714286,0.36999899999999997, 0.1599999999999966, 0.08000200000000035, -0.5299989999999966, 37.919998, 37.470001, 11-4-2013
0.36363636363636365, 0.5142857142857142,0.5499989999999997, -0.5299989999999966, -0.030002000000003193, 0.6400030000000001, 37.470001, 38.080002, 11-5-2013
0.25, 0.7714285714285715,0.7900010000000037, 0.6400030000000001, -0.050003000000003794, -0.0899999999999963, 38.080002, 37.939999, 11-6-2013
0.08333333333333333, 0.5925925925925926,0.32999799999999624, -0.0899999999999963, -0.1099969999999999, -0.08000200000000035, 37.939999, 37.75, 11-7-2013
0.0, 0.6666666666666666,0.38000100000000003, -0.08000200000000035, -0.1100009999999969, 0.38000100000000003, 37.75, 38.02, 11-8-2013
0.5, 0.6875,0.5499989999999997, 0.38000100000000003, 0.14999799999999652, 0.1100009999999969, 38.02, 38.279999, 11-9-2013
0.5, 0.6842105263157895,0.34999800000000647, 0.1100009999999969, -0.039996999999999616, 0.06999900000000281, 38.279999, 38.310001, 11-10-2013
0.1, 0.65625,0.23999700000000246, 0.06999900000000281, -0.020000000000003126, 0.04000100000000373, 38.310001, 38.330002, 11-11-2013
0.2222222222222222, 0.6764705882352942,0.29999999999999716, 0.04000100000000373, 0.04999899999999968, 0.27999899999999656, 38.330002, 38.66, 11-12-2013
0.5, 0.75,0.5400010000000037, 0.27999899999999656, 0.13000100000000003, -0.04999899999999968, 38.66, 38.740002, 11-13-2013
0.2, 0.5151515151515151,0.40000200000000063, -0.04999899999999968, 0.09999800000000647, 0.020000999999993496, 38.740002, 38.860001, 11-14-2013
0.2, 0.5769230769230769,0.360001000000004, 0.020000999999993496, -0.060001999999997224, 0.15000200000000063, 38.860001, 38.950001, 11-15-2013
0.21428571428571427, 0.631578947368421,0.42000200000000376, 0.15000200000000063, 0.00999800000000306, 0.25, 38.950001, 39.209999, 11-16-2013
0.1, 0.6363636363636364,0.42000199999999666, 0.25, 0.0899999999999963, -0.029998999999996556, 39.209999, 39.27, 11-17-2013
0.09090909090909091, 0.25,0.27999899999999656, -0.029998999999996556, 0.04999999999999716, 0.02999799999999908, 39.27, 39.349998, 11-18-2013
0.5, 0.5833333333333334,0.22000100000000344, 0.02999799999999908, 0.060001999999997224, -0.18999899999999315, 39.349998, 39.220001, 11-19-2013
0.2857142857142857, 0.6666666666666666,0.3600009999999969, -0.08000199999999325, -0.07000000000000028, -0.619999, 39.209999, 38.52, 12-1-2013
0.375, 0.6285714285714286,0.9400029999999973, -0.619999, 0.4199989999999971, 0.06000099999999975, 38.52, 39.0, 12-2-2013
0.6666666666666666, 0.6551724137931034,0.5600010000000069, 0.06000099999999975, -0.06000099999999975, -0.32999800000000334, 39.0, 38.610001, 12-3-2013
0.375, 0.6296296296296297,0.5400009999999966, -0.32999800000000334, 0.38000100000000003, 0.6699979999999996, 38.610001, 39.66, 12-4-2013
0.14285714285714285, 0.6153846153846154,0.6799960000000027, 0.6699979999999996, 0.08000200000000035, 0.0, 39.66, 39.740002, 12-5-2013
0.6666666666666666, 0.782608695652174,0.32999800000000334, 0.0, -0.1100009999999969, -0.21000300000000038, 39.740002, 39.419998, 12-6-2013
0.14285714285714285, 0.64,0.43999900000000025, -0.21000300000000038, 0.17000200000000376, -0.5499990000000068, 39.419998, 39.040001, 12-7-2013
0.5555555555555556, 0.6176470588235294,0.5800020000000004, -0.5499990000000068, -0.010002000000000066, 0.17000200000000376, 39.040001, 39.200001, 12-8-2013
0.0, 0.5666666666666667,0.5600019999999972, 0.17000200000000376, 0.04999899999999968, -0.18999900000000025, 39.200001, 39.060001, 12-9-2013
0.4, 0.6896551724137931,0.3000029999999967, -0.18999900000000025, 0.2899969999999996, 0.030003000000000668, 39.060001, 39.380001, 12-10-2013
0.6, 0.625,0.38000100000000003, 0.030003000000000668, -0.04999899999999968, -0.21000300000000038, 39.380001, 39.119999, 12-11-2013
0.3333333333333333, 0.6666666666666666,0.25999800000000306, -0.21000300000000038, 0.19000199999999978, 0.8099980000000002, 39.119999, 40.119999, 12-12-2013
0.38461538461538464, 0.5882352941176471,0.9400029999999973, 0.8099980000000002, -0.7700010000000006, 0.6900029999999973, 40.119999, 40.040001, 12-13-2013
0.42857142857142855, 0.6744186046511628,0.8300020000000004, 0.6900029999999973, 0.07999800000000334, -0.07000000000000028, 40.040001, 40.049999, 12-14-2013
0.09090909090909091, 0.6666666666666666,0.29000100000000373, -0.07000000000000028, 0.19000299999999726, 0.25, 40.049999, 40.490002, 12-15-2013
0.3333333333333333, 0.6170212765957447,0.6400030000000001, 0.25, 0.05999700000000274, 0.04999899999999968, 40.490002, 40.599998, 12-16-2013
0.25, 0.6666666666666666,0.3200039999999973, 0.04999899999999968, 0.12000300000000408, -0.20000100000000032, 40.599998, 40.52, 12-17-2013
0.4, 0.7096774193548387,0.2699960000000061, -0.20000100000000032, -0.13000100000000003, -0.020000000000003126, 40.52, 40.369999, 12-18-2013
0.5, 0.6666666666666666,0.25, -0.020000000000003126, -0.05999800000000022, -0.04000099999999662, 40.369999, 40.27, 12-19-2013
0.22727272727272727, 0.65625,0.3399999999999963, -0.04000099999999662, 0.1300019999999975, 0.0, 40.27, 40.400002, 12-20-2013
0.38461538461538464, 0.6197183098591549,0.619999, 0.020000000000003126, -0.020000000000003126, 0.19000199999999978, 39.889999, 40.060001, 1-1-2014
0.1, 0.6486486486486487,0.4400020000000069, 0.19000199999999978, 0.5200010000000006, 0.00999800000000306, 40.060001, 40.59, 1-2-2014
0.10344827586206896, 0.5797101449275363,0.3400000000000034, 0.00999800000000306, 0.3100019999999972, 0.02999799999999908, 40.59, 40.93, 1-3-2014
0.4074074074074074, 0.5882352941176471,0.3600009999999969, 0.02999799999999908, -0.20999899999999627, 0.36999899999999997, 40.93, 41.09, 1-4-2014
0.5161290322580645, 0.6428571428571429,0.48999700000000246, 0.36999899999999997, 0.20999899999999627, 0.04000100000000373, 41.09, 41.34, 1-5-2014
0.2857142857142857, 0.6753246753246753,0.5299989999999966, 0.04000100000000373, -0.060001000000006854, -0.25999899999999343, 41.34, 41.02, 1-6-2014
0.09090909090909091, 0.6545454545454545,0.5099980000000031, -0.25999899999999343, -0.1399990000000031, -0.10000200000000348, 41.02, 40.779999, 1-7-2014
0.16129032258064516, 0.5068493150684932,0.44000299999999726, -0.10000200000000348, 0.10000200000000348, 0.00999800000000306, 40.779999, 40.889999, 1-8-2014
0.2692307692307692, 0.5857142857142857,0.4099999999999966, 0.00999800000000306, 0.29999999999999716, 0.31000099999999975, 40.889999, 41.5, 1-9-2014
0.2, 0.6455696202531646,0.48999799999999993, 0.31000099999999975, -0.07000000000000028, 0.02999900000000366, 41.5, 41.459999, 1-10-2014
0.3125, 0.671875,0.3600009999999969, 0.02999900000000366, 0.1599999999999966, -0.16999799999999965, 41.459999, 41.450001, 1-11-2014
0.2916666666666667, 0.5942028985507246,0.3199999999999932, -0.16999799999999965, 0.2299989999999994, -0.09999799999999937, 41.450001, 41.580002, 1-12-2014
0.35714285714285715, 0.6142857142857143,0.5200009999999935, -0.09999799999999937, -0.19000299999999726, 0.04999999999999716, 41.580002, 41.439999, 1-13-2014
0.3888888888888889, 0.6666666666666666,1.139998999999996, 0.04999999999999716, -0.1800009999999972, -0.5399969999999996, 41.439999, 40.720001, 1-14-2014
0.4090909090909091, 0.5735294117647058,0.9499970000000033, -0.5399969999999996, -0.24000100000000657, -0.3400009999999938, 40.720001, 40.139999, 1-15-2014
0.27586206896551724, 0.5212765957446809,0.6000029999999938, -0.3400009999999938, -0.029998000000006186, -0.07000000000000028, 40.139999, 40.040001, 1-16-2014
0.125, 0.6111111111111112,0.4799989999999994, -0.07000000000000028, 0.09999800000000647, 0.40000199999999353, 40.040001, 40.540001, 1-17-2014
0.36363636363636365, 0.6744186046511628,0.5600019999999972, 0.40000199999999353, -0.26000200000000007, -0.5200009999999935, 40.540001, 39.759998, 1-18-2014
0.22727272727272727, 0.5806451612903226,0.9099989999999991, -0.5200009999999935, 0.3399999999999963, 0.0200010000000006, 39.759998, 40.119999, 1-19-2014
0.47619047619047616, 0.7397260273972602,0.4499970000000033, 0.0200010000000006, -0.5099980000000031, 0.11999899999999997, 40.119999, 39.73, 1-20-2014
0.13636363636363635, 0.6046511627906976,1.0400000000000063, -0.9200020000000038, 0.21000300000000038, 0.11999899999999997, 38.779999, 39.110001, 2-1-2014
0.2916666666666667, 0.6417910447761194,0.5399969999999996, 0.11999899999999997, -0.04999999999999716, 0.04999999999999716, 39.110001, 39.110001, 2-2-2014
0.2, 0.6417910447761194,0.42000199999999666, 0.04999999999999716, 0.11999899999999997, 0.5800010000000029, 39.110001, 39.810001, 2-3-2014
0.34615384615384615, 0.6031746031746031,0.7200010000000034, 0.5800010000000029, 0.11999899999999997, 0.07000000000000028, 39.810001, 40.0, 2-4-2014
0.5, 0.676056338028169,0.5400010000000037, 0.07000000000000028, 0.029998999999996556, 0.050003000000003794, 40.0, 40.080002, 2-5-2014
0.21052631578947367, 0.6376811594202898,0.38000100000000003, 0.050003000000003794, 0.019995999999999015, 0.19000299999999726, 40.080002, 40.290001, 2-6-2014
0.17391304347826086, 0.573170731707317,0.4799999999999969, 0.19000299999999726, 0.020000000000003126, 0.039996999999999616, 40.290001, 40.349998, 2-7-2014
0.2777777777777778, 0.6521739130434783,0.47000099999999634, 0.039996999999999616, -0.20999899999999627, 0.13000100000000003, 40.349998, 40.27, 2-8-2014
0.3333333333333333, 0.6235294117647059,0.32999799999999624, 0.13000100000000003, 0.020000999999993496, 0.5, 40.27, 40.790001, 2-9-2014
0.23076923076923078, 0.6333333333333333,0.7200010000000034, 0.5, 0.02999900000000366, -0.07999800000000334, 40.790001, 40.740002, 2-10-2014
0.42857142857142855, 0.6419753086419753,0.2999989999999997, -0.07999800000000334, -0.12000299999999697, -0.6699979999999996, 40.740002, 39.950001, 2-11-2014
0.1111111111111111, 0.6216216216216216,0.7299999999999969, -0.6699979999999996, 0.0, 0.36999899999999997, 39.950001, 40.32, 2-12-2014
0.2, 0.6153846153846154,0.5499989999999997, 0.36999899999999997, -0.060001999999997224, 0.08000200000000035, 40.32, 40.34, 2-13-2014
0.2631578947368421, 0.6862745098039216,0.3899990000000031, 0.08000200000000035, -0.04000100000000373, 0.5, 40.34, 40.799999, 2-14-2014
0.11764705882352941, 0.6363636363636364,0.6500020000000006, 0.5, -0.04999899999999968, 0.20000100000000032, 40.799999, 40.950001, 2-15-2014
0.25925925925925924, 0.546875,0.43999900000000025, 0.20000100000000032, -0.060001999999997224, 0.08000200000000035, 40.950001, 40.970001, 2-16-2014
0.16666666666666666, 0.6419753086419753,0.49000199999999694, 0.08000200000000035, -0.030002000000003193, 0.20000000000000284, 40.970001, 41.139999, 2-17-2014
0.2916666666666667, 0.625,0.3800019999999975, 0.20000000000000284, 0.010002999999997542, -0.010002999999997542, 41.139999, 41.139999, 2-18-2014
0.30303030303030304, 0.5357142857142857,0.4299999999999997, -0.2299989999999994, 0.39999699999999905, 0.36999899999999997, 40.650002, 41.419998, 3-1-2014
0.3, 0.5714285714285714,0.42000200000000376, 0.36999899999999997, 0.060001999999997224, -0.04000099999999662, 41.419998, 41.439999, 3-2-2014
0.29411764705882354, 0.7017543859649122,0.3400010000000009, -0.04000099999999662, 0.2299989999999994, -0.019995999999999015, 41.439999, 41.650002, 3-3-2014
0.36363636363636365, 0.7571428571428571,0.27999900000000366, -0.019995999999999015, 0.23999700000000246, 0.27999899999999656, 41.650002, 42.169998, 3-4-2014
0.17391304347826086, 0.5833333333333334,0.6899990000000003, 0.27999899999999656, -0.1399990000000031, 0.3199990000000028, 42.169998, 42.349998, 3-5-2014
0.23333333333333334, 0.620253164556962,0.5099980000000031, 0.3199990000000028, -0.20999899999999627, -0.17999999999999972, 42.349998, 41.959999, 3-6-2014
0.14285714285714285, 0.654320987654321,0.48999799999999993, -0.17999999999999972, -0.21999700000000644, 0.34999800000000647, 41.959999, 42.09, 3-7-2014
0.38461538461538464, 0.6440677966101694,0.4100000000000037, 0.34999800000000647, 0.17999999999999972, -0.5699990000000028, 42.09, 41.700001, 3-8-2014
0.23529411764705882, 0.6,0.6799999999999997, -0.5699990000000028, -0.10000300000000095, -0.05999700000000274, 41.700001, 41.540001, 3-9-2014
0.15384615384615385, 0.5373134328358209,0.6499970000000062, -0.05999700000000274, 0.3200000000000003, 0.09999800000000647, 41.540001, 41.959999, 3-10-2014
0.23809523809523808, 0.6301369863013698,0.25999800000000306, 0.09999800000000647, 0.06000099999999975, 0.34999899999999684, 41.959999, 42.369999, 3-11-2014
0.20833333333333334, 0.5113636363636364,0.4500010000000003, 0.34999899999999684, 0.020000000000003126, -0.04999899999999968, 42.369999, 42.34, 3-12-2014
0.2, 0.5882352941176471,0.5799980000000033, -0.04999899999999968, -0.15000100000000316, 0.7100030000000004, 42.34, 42.900002, 3-13-2014
0.3333333333333333, 0.6923076923076923,0.8100009999999997, 0.7100030000000004, 0.41999799999999965, -0.29999999999999716, 42.900002, 43.02, 3-14-2014
0.3333333333333333, 0.647887323943662,0.7900009999999966, -0.29999999999999716, 0.2900009999999966, 0.009999000000000535, 43.02, 43.32, 3-15-2014
0.25, 0.5405405405405406,0.4700020000000009, 0.009999000000000535, 0.0899999999999963, 0.00999800000000306, 43.32, 43.419998, 3-16-2014
0.19230769230769232, 0.575,0.25, 0.00999800000000306, 0.19000299999999726, -0.6900029999999973, 43.419998, 42.919998, 3-17-2014
0.16, 0.5232558139534884,0.7999989999999997, -0.6900029999999973, -0.0899959999999993, -0.5700039999999973, 42.919998, 42.259998, 3-18-2014
0.12903225806451613, 0.47297297297297297,0.9400029999999973, -0.5700039999999973, 0.0899999999999963, -0.04999899999999968, 42.259998, 42.299999, 3-19-2014
0.42857142857142855, 0.5909090909090909,0.41999799999999965, -0.04999899999999968, 0.20000100000000032, 0.3600009999999969, 42.299999, 42.860001, 3-20-2014
0.18181818181818182, 0.6296296296296297,0.8100010000000069, -0.5999980000000065, -0.030002999999993563, 0.0899999999999963, 42.990002, 43.049999, 4-1-2014
0.05555555555555555, 0.6417910447761194,0.42000200000000376, 0.0899999999999963, -0.36999899999999997, 0.3400000000000034, 43.049999, 43.02, 4-2-2014
0.11764705882352941, 0.6842105263157895,0.6399999999999935, 0.3400000000000034, 0.16999899999999712, -0.6400000000000006, 43.02, 42.549999, 4-3-2014
0.375, 0.7424242424242424,0.8500020000000035, -0.6400000000000006, -0.2299989999999994, -0.3200000000000003, 42.549999, 42.0, 4-4-2014
0.2692307692307692, 0.5862068965517241,0.619999, -0.3200000000000003, -0.04000099999999662, -0.16999800000000675, 42.0, 41.790001, 4-5-2014
0.25925925925925924, 0.5949367088607594,0.5200000000000031, -0.16999800000000675, 0.18999900000000025, 0.029998000000006186, 41.790001, 42.009998, 4-6-2014
0.17857142857142858, 0.6233766233766234,0.5599970000000027, 0.029998000000006186, 0.10000299999999385, -1.3300020000000004, 42.009998, 40.779999, 4-7-2014
0.4166666666666667, 0.6197183098591549,1.389999000000003, -1.3300020000000004, -0.2899969999999996, 0.01999600000000612, 40.779999, 40.509998, 4-8-2014
0.28, 0.6436781609195402,0.6500020000000006, 0.01999600000000612, 0.4600030000000004, -0.36000000000000654, 40.509998, 40.610001, 4-9-2014
0.3333333333333333, 0.569620253164557,0.7999989999999997, -0.36000000000000654, 0.11000000000000654, 0.2899969999999996, 40.610001, 41.009998, 4-10-2014
0.17857142857142858, 0.6329113924050633,0.7299999999999969, 0.2899969999999996, 0.3200039999999973, -0.8600009999999969, 41.009998, 40.470001, 4-11-2014
0.2857142857142857, 0.6885245901639344,1.5999979999999994, -0.8600009999999969, -0.09000000000000341, -0.13000100000000003, 40.470001, 40.25, 4-12-2014
0.25, 0.7027027027027027,0.35000300000000095, -0.13000100000000003, 0.04000099999999662, 0.09000000000000341, 40.25, 40.380001, 4-13-2014
0.3333333333333333, 0.7049180327868853,0.5, 0.09000000000000341, -0.04999899999999968, 0.30999700000000274, 40.380001, 40.639999, 4-14-2014
0.26666666666666666, 0.6666666666666666,0.630001, 0.30999700000000274, -0.09000000000000341, 0.39000000000000057, 40.639999, 40.939999, 4-15-2014
0.22727272727272727, 0.7,0.4500010000000003, 0.39000000000000057, 0.08000100000000288, -0.3699980000000025, 40.939999, 40.650002, 4-16-2014
0.2, 0.65,0.47000100000000344, -0.3699980000000025, -0.10000300000000095, -0.32999799999999624, 40.650002, 40.220001, 4-17-2014
0.3125, 0.6853932584269663,0.4299999999999997, -0.32999799999999624, 0.13999999999999346, -0.20000100000000032, 40.220001, 40.16, 4-18-2014
0.14814814814814814, 0.6551724137931034,0.5200000000000031, -0.20000100000000032, 0.17000200000000376, 0.23999799999999993, 40.16, 40.57, 4-19-2014
0.2727272727272727, 0.6233766233766234,0.3900039999999976, 0.23999799999999993, -0.02999900000000366, 0.23999799999999993, 40.57, 40.779999, 4-20-2014
0.05263157894736842, 0.4647887323943662,0.5699990000000028, -0.3899990000000031, 0.1100009999999969, -0.09000099999999378, 40.369999, 40.389999, 5-1-2014
0.5, 0.7115384615384616,0.5, -0.09000099999999378, -0.17999999999999972, 0.24000199999999694, 40.389999, 40.450001, 5-2-2014
0.24, 0.6133333333333333,0.5400010000000037, 0.24000199999999694, -0.14000000000000057, -0.15999899999999911, 40.450001, 40.150002, 5-3-2014
0.26666666666666666, 0.6266666666666667,0.3200000000000003, -0.15999899999999911, 0.19999599999999873, 0.11000100000000401, 40.150002, 40.459999, 5-4-2014
0.5384615384615384, 0.75,0.4600030000000004, 0.11000100000000401, -0.020000000000003126, -0.1099969999999999, 40.459999, 40.330002, 5-5-2014
0.20689655172413793, 0.6097560975609756,0.32999799999999624, -0.1099969999999999, -0.17999999999999972, 0.16999799999999965, 40.330002, 40.32, 5-6-2014
0.3, 0.6375,0.39000000000000057, 0.16999799999999965, 0.10999999999999943, 0.0200010000000006, 40.32, 40.450001, 5-7-2014
0.6470588235294118, 0.7142857142857143,0.3400009999999938, 0.0200010000000006, 0.0, 0.07999799999999624, 40.450001, 40.529999, 5-8-2014
0.13636363636363635, 0.582089552238806,0.2900009999999966, 0.07999799999999624, -0.1100009999999969, -0.05999700000000274, 40.529999, 40.360001, 5-9-2014
0.34782608695652173, 0.7142857142857143,0.43999900000000025, -0.05999700000000274, -0.1100009999999969, 0.3200000000000003, 40.360001, 40.57, 5-10-2014
0.0967741935483871, 0.4457831325301205,0.6500019999999935, 0.3200000000000003, 0.020000000000003126, 0.2999989999999997, 40.57, 40.889999, 5-11-2014
0.13043478260869565, 0.6133333333333333,0.43999899999999315, 0.2999989999999997, -0.09000000000000341, 0.5600019999999972, 40.889999, 41.360001, 5-12-2014
0.15384615384615385, 0.6447368421052632,0.6600000000000037, 0.5600019999999972, -0.060001999999997224, -0.18999800000000278, 41.360001, 41.110001, 5-13-2014
0.25, 0.5625,0.6100009999999969, -0.18999800000000278, 0.17999999999999972, -0.08000199999999325, 41.110001, 41.209999, 5-14-2014
0.16666666666666666, 0.6097560975609756,0.3399999999999963, -0.08000199999999325, 0.06000099999999975, 0.09999899999999684, 41.209999, 41.369999, 5-15-2014
0.3333333333333333, 0.6571428571428571,0.27999899999999656, 0.09999899999999684, 0.010002000000000066, 0.07000000000000028, 41.369999, 41.450001, 5-16-2014
0.3333333333333333, 0.6575342465753424,0.25, 0.07000000000000028, 0.1599999999999966, 0.13000100000000003, 41.450001, 41.740002, 5-17-2014
0.4166666666666667, 0.5714285714285714,0.47000100000000344, 0.13000100000000003, -0.020000999999993496, 0.3099979999999931, 41.740002, 42.029999, 5-18-2014
0.12, 0.632183908045977,0.5499989999999997, 0.3099979999999931, 0.1399990000000031, -0.1399990000000031, 42.029999, 42.029999, 5-19-2014
0.14285714285714285, 0.5119047619047619,0.38000100000000003, -0.1399990000000031, -0.04999899999999968, 0.20999900000000338, 42.029999, 42.189999, 5-20-2014
0.10344827586206896, 0.6172839506172839,0.4299999999999997, -0.04000100000000373, -0.10999999999999943, 0.17000199999999666, 42.18, 42.240002, 6-1-2014
0.11764705882352941, 0.5555555555555556,0.3899990000000031, 0.17000199999999666, -0.13000100000000003, 0.25, 42.240002, 42.360001, 6-2-2014
0.2727272727272727, 0.703125,0.379997000000003, 0.25, 0.11000000000000654, 0.020000999999993496, 42.360001, 42.490002, 6-3-2014
0.2777777777777778, 0.59375,0.24000199999999694, 0.020000999999993496, 0.0, 0.3899990000000031, 42.490002, 42.880001, 6-4-2014
0.1875, 0.6851851851851852,0.5800020000000004, 0.3899990000000031, 0.0, 0.6399990000000031, 42.880001, 43.52, 6-5-2014
0.125, 0.7142857142857143,0.7599990000000005, 0.6399990000000031, -0.09000000000000341, -0.09999799999999937, 43.52, 43.330002, 6-6-2014
0.4, 0.6944444444444444,0.31000099999999975, -0.09999799999999937, -0.3600009999999969, 0.00999899999999343, 43.330002, 42.98, 6-7-2014
0.13513513513513514, 0.6585365853658537,0.43999899999999315, 0.00999899999999343, -0.04999999999999716, 0.07999800000000334, 42.98, 43.009998, 6-8-2014
0.22727272727272727, 0.6962025316455697,0.3600009999999969, 0.07999800000000334, 0.0, 0.05000299999999669, 43.009998, 43.060001, 6-9-2014
0.25, 0.5978260869565217,0.3600009999999969, 0.05000299999999669, -0.10000199999999637, -0.20999900000000338, 43.060001, 42.75, 6-10-2014
0.25, 0.6375,0.48999799999999993, -0.20999900000000338, -0.04999899999999968, 0.4299999999999997, 42.75, 43.130001, 6-11-2014
0.09375, 0.6333333333333333,0.5899999999999963, 0.4299999999999997, -0.030003000000000668, 0.23000400000000099, 43.130001, 43.330002, 6-12-2014
0.18518518518518517, 0.6197183098591549,0.4500010000000003, 0.23000400000000099, -0.0200010000000006, -0.030002000000003193, 43.330002, 43.279999, 6-13-2014
0.2727272727272727, 0.6470588235294118,0.2700010000000006, -0.030002000000003193, 0.36000000000000654, 0.10000299999999385, 43.279999, 43.740002, 6-14-2014
0.2857142857142857, 0.8354430379746836,0.3200000000000003, 0.10000299999999385, -0.17000199999999666, 0.25, 43.740002, 43.82, 6-15-2014
0.14705882352941177, 0.5595238095238095,0.40000100000000316, 0.25, -0.1600000000000037, -0.3600009999999969, 43.82, 43.299999, 6-16-2014
0.17647058823529413, 0.5569620253164557,0.5700039999999973, -0.3600009999999969, -0.13000100000000003, 0.19000299999999726, 43.299999, 43.360001, 6-17-2014
0.0967741935483871, 0.5352112676056338,0.4799999999999969, 0.19000299999999726, -0.3600009999999969, 0.06000099999999975, 43.360001, 43.060001, 6-18-2014
0.2, 0.5066666666666667,0.5800020000000004, 0.06000099999999975, -0.0899999999999963, 0.38999999999999346, 43.060001, 43.360001, 6-19-2014
0.18181818181818182, 0.6551724137931034,0.4500010000000003, 0.38999999999999346, 0.0, -0.04000099999999662, 43.360001, 43.32, 6-20-2014
0.043478260869565216, 0.5733333333333334,0.32999799999999624, -0.1100009999999969, -0.17000200000000376, 0.08000200000000035, 43.34, 43.25, 7-1-2014
0.10526315789473684, 0.5522388059701493,0.3200000000000003, 0.08000200000000035, 0.41999799999999965, -0.07999799999999624, 43.25, 43.59, 7-2-2014
0.09375, 0.5113636363636364,0.2900009999999966, -0.07999799999999624, -0.060001000000006854, -0.04999899999999968, 43.59, 43.48, 7-3-2014
0.3333333333333333, 0.5494505494505495,0.30999700000000274, -0.04999899999999968, -0.25, -0.04000099999999662, 43.48, 43.189999, 7-4-2014
0.2, 0.71875,0.3700030000000041, -0.04000099999999662, 0.17000199999999666, 0.020000000000003126, 43.189999, 43.380001, 7-5-2014
0.1875, 0.6868686868686869,0.29999999999999716, 0.020000000000003126, -0.2999989999999997, 0.019995999999999015, 43.380001, 43.099998, 7-6-2014
0.2, 0.5652173913043478,0.3099980000000002, 0.019995999999999015, -0.11999800000000249, 0.20000000000000284, 43.099998, 43.18, 7-7-2014
0.13043478260869565, 0.6741573033707865,0.4100000000000037, 0.20000000000000284, 0.32999800000000334, -0.4599990000000034, 43.18, 43.049999, 7-8-2014
0.3888888888888889, 0.725,0.630001, -0.4599990000000034, -0.07999799999999624, 0.32999799999999624, 43.049999, 43.299999, 7-9-2014
0.25, 0.625,0.45999899999999627, 0.32999799999999624, 0.11999899999999997, -0.8899990000000031, 43.299999, 42.529999, 7-10-2014
0.34615384615384615, 0.6417910447761194,1.130001, -0.8899990000000031, -0.3099979999999931, -0.6100000000000065, 42.529999, 41.610001, 7-11-2014
0.21739130434782608, 0.6444444444444445,0.7399979999999999, -0.6100000000000065, 0.20999900000000338, 0.34999799999999937, 41.610001, 42.169998, 7-12-2014
0.23809523809523808, 0.6746987951807228,0.5200000000000031, 0.34999799999999937, -0.1599999999999966, 0.1100009999999969, 42.169998, 42.119999, 7-13-2014
0.06896551724137931, 0.5176470588235295,0.25999800000000306, 0.1100009999999969, 0.17999999999999972, -0.04999899999999968, 42.119999, 42.25, 7-14-2014
0.26666666666666666, 0.618421052631579,0.32999799999999624, -0.04999899999999968, 0.00999800000000306, 0.20000100000000032, 42.25, 42.459999, 7-15-2014
0.42857142857142855, 0.7317073170731707,0.3099979999999931, 0.20000100000000032, 0.08000199999999325, 0.18999900000000025, 42.459999, 42.73, 7-16-2014
0.38461538461538464, 0.6111111111111112,0.36000000000000654, 0.18999900000000025, -0.18999900000000025, 0.20999900000000338, 42.73, 42.75, 7-17-2014
0.16, 0.5675675675675675,0.3200000000000003, 0.20999900000000338, -0.04999899999999968, -0.13000100000000003, 42.75, 42.57, 7-18-2014
0.21052631578947367, 0.625,0.39000000000000057, -0.13000100000000003, 0.04000099999999662, 0.029998000000006186, 42.57, 42.639999, 7-19-2014
0.3076923076923077, 0.6976744186046512,0.5400010000000037, 0.029998000000006186, 0.19000299999999726, 0.0899959999999993, 42.639999, 42.919998, 7-20-2014
0.16129032258064516, 0.6031746031746031,0.4399980000000028, 0.0899959999999993, -0.27999899999999656, -0.6100000000000065, 42.919998, 42.029999, 7-21-2014
0.2, 0.5901639344262295,0.7900010000000037, -0.519995999999999, 0.14999799999999652, 0.15999900000000622, 41.330002, 41.639999, 8-1-2014
0.36363636363636365, 0.5949367088607594,0.4299960000000027, 0.15999900000000622, -0.22000100000000344, -0.25, 41.639999, 41.169998, 8-2-2014
0.2608695652173913, 0.6438356164383562,0.619999, -0.25, -0.14999799999999652, 0.060001999999997224, 41.169998, 41.080002, 8-3-2014
0.15625, 0.5930232558139535,0.36999899999999997, 0.060001999999997224, 0.07999799999999624, -0.4799999999999969, 41.080002, 40.68, 8-4-2014
0.06060606060606061, 0.6428571428571429,0.6699979999999996, -0.4799999999999969, 0.09999899999999684, 0.40000100000000316, 40.68, 41.18, 8-5-2014
0.42105263157894735, 0.7402597402597403,0.5200010000000006, 0.40000100000000316, 0.02999900000000366, -0.25, 41.18, 40.959999, 8-6-2014
0.25, 0.6857142857142857,0.38999999999999346, -0.25, -0.05999700000000274, 0.25999799999999595, 40.959999, 41.16, 8-7-2014
0.22727272727272727, 0.618421052631579,0.4500010000000003, 0.25999799999999595, 0.18000000000000682, 0.020000999999993496, 41.16, 41.360001, 8-8-2014
0.19230769230769232, 0.6619718309859155,0.2999990000000068, 0.020000999999993496, -0.010002999999997542, 0.25, 41.360001, 41.599998, 8-9-2014
0.34782608695652173, 0.6521739130434783,0.2700009999999935, 0.25, 0.10000300000000095, -0.4300009999999972, 41.599998, 41.27, 8-10-2014
0.2692307692307692, 0.6805555555555556,0.7199979999999968, -0.4300009999999972, 0.23999799999999993, 0.21000300000000038, 41.27, 41.720001, 8-11-2014
0.1875, 0.65,0.39000000000000057, 0.21000300000000038, -0.060001000000006854, 0.18000000000000682, 41.720001, 41.84, 8-12-2014
0.21739130434782608, 0.6395348837209303,0.3400000000000034, 0.18000000000000682, -0.17000200000000376, 0.04000100000000373, 41.84, 41.709999, 8-13-2014
0.17391304347826086, 0.5254237288135594,0.3199999999999932, 0.04000100000000373, 0.06999999999999318, 0.4100000000000037, 41.709999, 42.189999, 8-14-2014
0.14814814814814814, 0.6794871794871795,0.5100020000000001, 0.4100000000000037, -0.14000000000000057, -0.020000000000003126, 42.189999, 42.029999, 8-15-2014
0.375, 0.6307692307692307,0.49000100000000657, -0.020000000000003126, 0.1600000000000037, 0.06000099999999975, 42.029999, 42.25, 8-16-2014
0.125, 0.6533333333333333,0.2299989999999994, 0.06000099999999975, 0.04999899999999968, 0.1100009999999969, 42.25, 42.41, 8-17-2014
0.043478260869565216, 0.4,0.3400009999999938, 0.1100009999999969, -0.009997999999995955, -0.20000100000000032, 42.41, 42.200001, 8-18-2014
0.14285714285714285, 0.56,0.3900039999999976, -0.20000100000000032, -0.22999999999999687, 0.0899999999999963, 42.200001, 42.060001, 8-19-2014
0.2, 0.4307692307692308,0.25999900000000054, 0.0899999999999963, 0.16999899999999712, 0.04999899999999968, 42.060001, 42.279999, 8-20-2014
0.21739130434782608, 0.6,0.33000200000000035, -0.07000000000000028, 0.20999999999999375, -0.3600009999999969, 42.27, 42.119999, 9-1-2014
0.25, 0.6176470588235294,0.5, -0.3600009999999969, -0.039996999999999616, 0.1599999999999966, 42.119999, 42.240002, 9-2-2014
0.19047619047619047, 0.696969696969697,0.5100020000000001, 0.1599999999999966, -0.12000299999999697, 0.010002000000000066, 42.240002, 42.130001, 9-3-2014
0.3333333333333333, 0.6235294117647059,0.33000200000000035, 0.010002000000000066, 0.05999800000000022, -0.1600000000000037, 42.130001, 42.029999, 9-4-2014
0.3333333333333333, 0.6590909090909091,0.33000200000000035, -0.1600000000000037, -0.14999799999999652, -0.28000300000000067, 42.029999, 41.599998, 9-5-2014
0.1111111111111111, 0.7325581395348837,0.4299999999999997, -0.28000300000000067, 0.030003000000000668, 0.20999900000000338, 41.599998, 41.84, 9-6-2014
0.2608695652173913, 0.7160493827160493,0.2900009999999966, 0.20999900000000338, -0.09000000000000341, 0.34999799999999937, 41.84, 42.099998, 9-7-2014
0.06896551724137931, 0.5949367088607594,0.4099999999999966, 0.34999799999999937, -0.07999799999999624, 0.1800009999999972, 42.099998, 42.200001, 9-8-2014
0.21739130434782608, 0.6268656716417911,0.43999899999999315, 0.1800009999999972, -0.04999899999999968, 0.21999699999999933, 42.200001, 42.369999, 9-9-2014
0.2, 0.6027397260273972,0.38000100000000003, 0.21999699999999933, -0.05999800000000022, 0.05999800000000022, 42.369999, 42.369999, 9-10-2014
0.25, 0.578125,0.31000100000000685, 0.05999800000000022, 0.1100009999999969, 0.20999900000000338, 42.369999, 42.689999, 9-11-2014
0.17142857142857143, 0.5647058823529412,0.4799990000000065, 0.20999900000000338, 0.1400030000000001, 0.1999969999999962, 42.689999, 43.029999, 9-12-2014
0.07142857142857142, 0.6417910447761194,0.36999899999999997, 0.1999969999999962, 0.25, -0.04999899999999968, 43.029999, 43.23, 9-13-2014
0.21052631578947367, 0.7159090909090909,0.44000299999999726, -0.04999899999999968, 0.0, -0.20999999999999375, 43.23, 43.02, 9-14-2014
0.18181818181818182, 0.6052631578947368,0.38000100000000003, -0.20999999999999375, -0.06999900000000281, -0.3600009999999969, 43.02, 42.59, 9-15-2014
0.2857142857142857, 0.56,0.5399969999999996, -0.3600009999999969, 0.07999799999999624, -0.09999799999999937, 42.59, 42.57, 9-16-2014
0.14705882352941177, 0.5058823529411764,0.41999799999999965, -0.09999799999999937, -0.07000000000000028, -0.630001, 42.57, 41.869999, 9-17-2014
0.3888888888888889, 0.589041095890411,0.6799960000000027, -0.630001, -0.039996999999999616, 0.039996999999999616, 41.869999, 41.869999, 9-18-2014
0.18181818181818182, 0.5972222222222222,0.47000100000000344, 0.039996999999999616, -0.3999979999999965, 0.25999899999999343, 41.869999, 41.73, 9-19-2014
0.125, 0.49230769230769234,0.49000099999999946, 0.25999899999999343, -0.029998999999996556, 0.13000100000000003, 41.73, 41.830002, 9-20-2014
0.21428571428571427, 0.527027027027027,0.6700019999999967, -0.6000029999999938, -0.05999700000000274, 0.0899999999999963, 41.259998, 41.290001, 10-1-2014
0.3, 0.640625,0.5099989999999934, 0.0899999999999963, 0.32999800000000334, 0.04999899999999968, 41.290001, 41.669998, 10-2-2014
0.26666666666666666, 0.671875,0.25999800000000306, 0.04999899999999968, 0.24000199999999694, -0.36999899999999997, 41.669998, 41.540001, 10-3-2014
0.4, 0.6515151515151515,0.4299960000000027, -0.36999899999999997, -0.4799999999999969, -0.4600030000000004, 41.540001, 40.599998, 10-4-2014
0.35, 0.8222222222222222,0.6700020000000038, -0.4600030000000004, -0.009997999999995955, 0.7099989999999963, 40.599998, 41.299999, 10-5-2014
0.05, 0.6282051282051282,0.8199990000000028, 0.7099989999999963, 0.09000000000000341, -0.8099970000000027, 41.299999, 40.580002, 10-6-2014
0.2857142857142857, 0.6133333333333333,0.8400000000000034, -0.8099970000000027, 0.04999899999999968, -0.5600009999999997, 40.580002, 40.07, 10-7-2014
0.05555555555555555, 0.5573770491803278,0.9599990000000034, -0.5600009999999997, 0.04000099999999662, -0.25, 40.07, 39.860001, 10-8-2014
0.2962962962962963, 0.5897435897435898,0.7199969999999993, -0.25, 0.1399990000000031, -0.029998999999996556, 39.860001, 39.970001, 10-9-2014
0.4166666666666667, 0.7439024390243902,0.6499979999999965, -0.029998999999996556, -0.3899990000000031, -0.6400030000000001, 39.970001, 38.939999, 10-10-2014
0.16, 0.6739130434782609,1.4399990000000003, -0.6400030000000001, -0.7899969999999996, 0.9499959999999987, 38.939999, 39.099998, 10-11-2014
0.3333333333333333, 0.6436781609195402,1.3000040000000013, 0.9499959999999987, 0.5400010000000037, -0.23999700000000246, 39.099998, 39.400002, 10-12-2014
0.45454545454545453, 0.7183098591549296,0.48999799999999993, -0.23999700000000246, -0.20000100000000032, 0.17999999999999972, 39.400002, 39.380001, 10-13-2014
0.1111111111111111, 0.5394736842105263,0.4100000000000037, 0.17999999999999972, 0.32999800000000334, 0.5600009999999997, 39.380001, 40.27, 10-14-2014
0.2777777777777778, 0.6438356164383562,0.6800009999999972, 0.5600009999999997, -0.04999899999999968, -0.33000200000000035, 40.27, 39.889999, 10-15-2014
0.2222222222222222, 0.5094339622641509,0.8100009999999997, -0.33000200000000035, 0.5200009999999935, 0.0, 39.889999, 40.41, 10-16-2014
0.25925925925925924, 0.6533333333333333,0.4499969999999962, 0.0, -0.07999799999999624, 0.5799979999999962, 40.41, 40.91, 10-17-2014
0.16, 0.6375,0.6900029999999973, 0.5799979999999962, -0.13000100000000003, 0.18000000000000682, 40.91, 40.959999, 10-18-2014
0.18181818181818182, 0.6455696202531646,0.25, 0.18000000000000682, 0.12000299999999697, 0.45999899999999627, 40.959999, 41.540001, 10-19-2014
0.21428571428571427, 0.5571428571428572,0.5, 0.45999899999999627, -0.0899999999999963, 0.3899990000000031, 41.540001, 41.84, 10-20-2014
0.18181818181818182, 0.6962025316455697,0.5499989999999997, 0.3899990000000031, -0.17000200000000376, 0.47000100000000344, 41.84, 42.139999, 10-21-2014
0.08333333333333333, 0.6049382716049383,0.7599980000000031, 0.47000100000000344, 0.40000199999999353, 0.05999700000000274, 42.139999, 42.599998, 10-22-2014
0.3076923076923077, 0.7142857142857143,0.6100009999999969, 0.5299989999999966, -0.1799960000000027, 0.41999799999999965, 42.919998, 43.16, 11-1-2014
0.3103448275862069, 0.546875,0.4399980000000028, 0.41999799999999965, 0.24000200000000405, 0.11999800000000249, 43.16, 43.52, 11-2-2014
0.5, 0.6375,0.4099999999999966, 0.11999800000000249, -0.06000099999999975, 0.45999899999999627, 43.52, 43.919998, 11-3-2014
0.3333333333333333, 0.6753246753246753,0.619999, 0.45999899999999627, -0.07000000000000028, -0.039996999999999616, 43.919998, 43.810001, 11-4-2014
0.23529411764705882, 0.7,0.35000300000000095, -0.039996999999999616, -0.04000099999999662, 0.1599999999999966, 43.810001, 43.93, 11-5-2014
0.08333333333333333, 0.5657894736842105,0.34999799999999937, 0.1599999999999966, 0.0200010000000006, 0.07999799999999624, 43.93, 44.029999, 11-6-2014
0.0, 0.5526315789473685,0.25999800000000306, 0.07999799999999624, -0.16999799999999965, 0.07999800000000334, 44.029999, 43.939999, 11-7-2014
0.08695652173913043, 0.5833333333333334,0.31000099999999975, 0.07999800000000334, -0.02999900000000366, 0.020000000000003126, 43.939999, 43.93, 11-8-2014
0.16666666666666666, 0.6,0.18999900000000025, 0.020000000000003126, -0.1399990000000031, -0.06000099999999975, 43.93, 43.73, 11-9-2014
0.15625, 0.5609756097560976,0.2899969999999996, -0.06000099999999975, -0.029998999999996556, 0.09999799999999937, 43.73, 43.799999, 11-10-2014
0.11538461538461539, 0.547945205479452,0.22000200000000092, 0.09999799999999937, -0.06999900000000281, 0.25, 43.799999, 43.98, 11-11-2014
0.09090909090909091, 0.625,0.389998999999996, 0.25, -0.07999799999999624, -0.010002999999997542, 43.98, 43.889999, 11-12-2014
0.21739130434782608, 0.6666666666666666,0.36999899999999997, -0.010002999999997542, -0.2799980000000062, 0.2999989999999997, 43.889999, 43.91, 11-13-2014
0.23076923076923078, 0.609375,0.4499970000000033, 0.2999989999999997, 0.27999900000000366, -0.2199979999999968, 43.91, 43.970001, 11-14-2014
0.08333333333333333, 0.6046511627906976,0.4799989999999994, -0.2199979999999968, 0.1599999999999966, 0.23999799999999993, 43.970001, 44.369999, 11-15-2014
0.32, 0.65625,0.5100020000000001, 0.23999799999999993, 0.06000099999999975, -0.42000199999999666, 44.369999, 44.009998, 11-16-2014
0.38095238095238093, 0.6805555555555556,0.49000099999999946, -0.42000199999999666, 0.10000299999999385, 0.2700000000000031, 44.009998, 44.380001, 11-17-2014
0.3181818181818182, 0.5833333333333334,0.44000299999999726, 0.2700000000000031, 0.11999899999999997, -0.2999989999999997, 44.380001, 44.200001, 11-18-2014
0.2962962962962963, 0.627906976744186,0.6500010000000032, -0.5300030000000007, 0.010002000000000066, 0.43999900000000025, 43.619999, 44.07, 12-1-2014
0.13043478260869565, 0.5882352941176471,0.43999900000000025, 0.43999900000000025, -0.060001999999997224, 0.3100019999999972, 44.07, 44.32, 12-2-2014
0.2608695652173913, 0.717948717948718,0.48999799999999993, 0.3100019999999972, -0.1600000000000037, 0.36999899999999997, 44.32, 44.529999, 12-3-2014
0.2, 0.6708860759493671,0.38000100000000003, 0.36999899999999997, 0.20000100000000032, 0.40000100000000316, 44.529999, 45.130001, 12-4-2014
0.25, 0.620253164556962,0.4799990000000065, 0.40000100000000316, -0.3400000000000034, 0.5799980000000033, 45.130001, 45.369999, 12-5-2014
0.39285714285714285, 0.6385542168674698,0.8199990000000028, 0.5799980000000033, -0.43999900000000025, 0.27999900000000366, 45.369999, 45.209999, 12-6-2014
0.029411764705882353, 0.5376344086021505,0.6799960000000027, 0.27999900000000366, -0.020000000000003126, -0.5499999999999972, 45.209999, 44.639999, 12-7-2014
0.4117647058823529, 0.6891891891891891,0.7700000000000031, -0.5499999999999972, 0.24000199999999694, -0.17999999999999972, 44.639999, 44.700001, 12-8-2014
0.25, 0.5875,0.6599999999999966, -0.17999999999999972, -0.4100000000000037, -0.40000199999999353, 44.700001, 43.889999, 12-9-2014
0.40625, 0.6385542168674698,0.7800030000000007, -0.40000199999999353, 0.20000100000000032, -0.6399990000000031, 43.889999, 43.450001, 12-10-2014
0.16666666666666666, 0.5384615384615384,0.9400029999999973, -0.6399990000000031, -0.20000100000000032, -0.15000200000000063, 43.450001, 43.099998, 12-11-2014
0.2222222222222222, 0.6229508196721312,0.9599999999999937, -0.15000200000000063, 0.3400010000000009, 0.4799989999999994, 43.099998, 43.919998, 12-12-2014
0.27586206896551724, 0.7083333333333334,0.7400019999999969, 0.4799989999999994, 0.5300030000000007, 0.8899990000000031, 43.919998, 45.34, 12-13-2014
0.2962962962962963, 0.5,0.9599989999999963, 0.8899990000000031, -0.060001000000006854, -0.07999799999999624, 45.34, 45.200001, 12-14-2014
0.3333333333333333, 0.589041095890411,0.6700019999999967, -0.07999799999999624, 0.05999700000000274, 0.38000100000000003, 45.200001, 45.639999, 12-15-2014
0.1875, 0.6923076923076923,0.5200000000000031, 0.38000100000000003, 0.2200019999999938, 0.04999899999999968, 45.639999, 45.91, 12-16-2014
0.06666666666666667, 0.5737704918032787,0.3399999999999963, 0.04999899999999968, 0.15000100000000316, -0.31000099999999975, 45.91, 45.75, 12-17-2014
0.0, 0.46835443037974683,0.47000100000000344, -0.31000099999999975, 0.20000100000000032, -0.20999900000000338, 45.75, 45.740002, 12-18-2014
0.13636363636363635, 0.5714285714285714,0.22000100000000344, -0.20999900000000338, -0.3200039999999973, 0.24000199999999694, 45.740002, 45.66, 12-19-2014
0.2857142857142857, 0.5,0.600003000000001, 0.24000199999999694, -0.09999899999999684, 0.0, 45.66, 45.560001, 12-20-2014
0.22580645161290322, 0.5686274509803921,0.24000199999999694, 0.0, 0.14000000000000057, -0.75, 45.560001, 44.950001, 12-21-2014
0.2647058823529412, 0.6024096385542169,1.0899999999999963, -0.5999979999999994, -0.28000300000000067, -0.7999989999999997, 44.830002, 43.75, 1-1-2015
0.25, 0.6483516483516484,1.0800010000000029, -0.7999989999999997, 0.15000200000000063, -0.730004000000001, 43.75, 43.169998, 1-2-2015
0.06060606060606061, 0.5,1.119999, -0.730004000000001, 0.4299999999999997, -0.04999899999999968, 43.169998, 43.549999, 1-3-2015
0.1111111111111111, 0.5324675324675324,0.5499999999999972, -0.04999899999999968, 0.42000200000000376, -0.10000200000000348, 43.549999, 43.869999, 1-4-2015
0.35294117647058826, 0.7045454545454546,0.38000100000000003, -0.10000200000000348, 0.010002000000000066, -0.9200019999999967, 43.869999, 42.959999, 1-5-2015
0.2222222222222222, 0.6764705882352942,1.2099989999999963, -0.9200019999999967, 0.020000999999993496, -0.4199989999999971, 42.959999, 42.560001, 1-6-2015
0.21739130434782608, 0.6710526315789473,0.6900019999999998, -0.4199989999999971, 0.23999799999999993, -0.7000010000000003, 42.560001, 42.099998, 1-7-2015
0.10526315789473684, 0.6447368421052632,1.25, -0.7000010000000003, -0.5899999999999963, -0.16999799999999965, 42.099998, 41.34, 1-8-2015
0.17391304347826086, 0.589041095890411,0.9300009999999972, -0.16999799999999965, -0.11000000000000654, -0.2900009999999966, 41.34, 40.939999, 1-9-2015
0.4444444444444444, 0.6307692307692307,0.649996999999999, -0.2900009999999966, -0.18999900000000025, 0.7700000000000031, 40.939999, 41.52, 1-10-2015
0.15, 0.5384615384615384,0.8200000000000003, 0.7700000000000031, 0.13999999999999346, -0.4500009999999932, 41.52, 41.209999, 1-11-2015
0.2631578947368421, 0.5538461538461539,0.9399980000000028, -0.4500009999999932, 0.38000100000000003, 0.6100009999999969, 41.209999, 42.200001, 1-12-2015
0.19047619047619047, 0.6428571428571429,1.5, 0.6100009999999969, 0.34999799999999937, 0.880001, 42.200001, 43.43, 1-13-2015
0.38095238095238093, 0.6538461538461539,1.130001, 0.880001, -0.020000000000003126, -0.0899999999999963, 43.43, 43.32, 1-14-2015
0.2727272727272727, 0.5714285714285714,0.4799999999999969, -0.0899999999999963, -0.16999799999999965, 0.3799969999999959, 43.32, 43.529999, 1-15-2015
0.3181818181818182, 0.6212121212121212,0.6200019999999995, 0.3799969999999959, -0.5899999999999963, 0.04000099999999662, 43.529999, 42.98, 1-16-2015
0.5833333333333334, 0.7413793103448276,0.5299990000000037, 0.04000099999999662, 0.17999999999999972, -1.0600019999999972, 42.98, 42.099998, 1-17-2015
0.3157894736842105, 0.6329113924050633,1.2000009999999932, -1.0600019999999972, 0.0200010000000006, 0.4500010000000003, 42.099998, 42.57, 1-18-2015
0.1935483870967742, 0.4936708860759494,0.6899990000000003, 0.4500010000000003, -0.5999989999999968, -0.060001000000006854, 42.57, 41.91, 1-19-2015
0.11538461538461539, 0.6097560975609756,1.0999989999999968, 0.5299989999999966, -0.25999899999999343, 0.8099979999999931, 42.73, 43.279999, 2-1-2015
0.2777777777777778, 0.7567567567567568,1.0799979999999962, 0.8099979999999931, -0.13999999999999346, 0.44000299999999726, 43.279999, 43.580002, 2-2-2015
0.21052631578947367, 0.6545454545454545,0.8100019999999972, 0.44000299999999726, 0.16999799999999965, 0.25, 43.580002, 44.0, 2-3-2015
0.24242424242424243, 0.5609756097560976,0.5200000000000031, 0.25, 0.31000099999999975, 0.09999899999999684, 44.0, 44.41, 2-4-2015
0.3076923076923077, 0.6170212765957447,0.6600000000000037, 0.09999899999999684, -0.3199999999999932, 0.07999799999999624, 44.41, 44.169998, 2-5-2015
0.3333333333333333, 0.6708860759493671,0.42000199999999666, 0.07999799999999624, 0.40000200000000063, -0.04999999999999716, 44.169998, 44.52, 2-6-2015
0.23076923076923078, 0.6282051282051282,0.40000200000000063, -0.04999999999999716, -0.18999800000000278, -0.060001999999997224, 44.52, 44.27, 2-7-2015
0.1875, 0.5873015873015873,0.3999979999999965, -0.060001999999997224, 0.36999899999999997, 0.4799999999999969, 44.27, 45.119999, 2-8-2015
0.391304347826087, 0.68,0.8300020000000004, 0.4799999999999969, 0.0, -0.04999899999999968, 45.119999, 45.07, 2-9-2015
0.4, 0.7014925373134329,0.3899990000000031, -0.04999899999999968, -0.1800009999999972, 0.1800009999999972, 45.07, 45.07, 2-10-2015
0.2857142857142857, 0.6842105263157895,0.5, 0.1800009999999972, -0.14000000000000057, -0.40000100000000316, 45.07, 44.529999, 2-11-2015
0.3684210526315789, 0.6626506024096386,0.639998999999996, -0.40000100000000316, -0.05999799999999311, -0.15000100000000316, 44.529999, 44.32, 2-12-2015
0.18518518518518517, 0.5441176470588235,0.4500010000000003, -0.15000100000000316, -0.23999799999999993, 0.5399969999999996, 44.32, 44.619999, 2-13-2015
0.05555555555555555, 0.6301369863013698,0.8200000000000003, 0.5399969999999996, -0.17999999999999972, 0.04000099999999662, 44.619999, 44.48, 2-14-2015
0.35714285714285715, 0.7888888888888889,0.2900009999999966, 0.04000099999999662, 0.06000099999999975, 0.18000000000000682, 44.48, 44.720001, 2-15-2015
0.2857142857142857, 0.6463414634146342,0.3600009999999969, 0.18000000000000682, 0.05999799999999311, 0.060001000000006854, 44.720001, 44.84, 2-16-2015
0.21875, 0.6404494382022472,0.32999800000000334, 0.060001000000006854, -0.04000100000000373, 0.13000100000000003, 44.84, 44.93, 2-17-2015
0.22727272727272727, 0.75,0.3600009999999969, 0.13000100000000003, -0.06999900000000281, -0.25, 44.93, 44.610001, 2-18-2015
0.2962962962962963, 0.6521739130434783,0.4299999999999997, 0.2700000000000031, -0.25, 0.11999899999999997, 44.880001, 44.75, 3-1-2015
0.19047619047619047, 0.5857142857142857,0.36000000000000654, 0.11999899999999997, -0.24000199999999694, -0.09999800000000647, 44.75, 44.41, 3-2-2015
0.17647058823529413, 0.6031746031746031,0.3100019999999972, -0.09999800000000647, 0.02999900000000366, 0.1400030000000001, 44.41, 44.580002, 3-3-2015
0.19047619047619047, 0.5901639344262295,0.41999799999999965, 0.1400030000000001, 0.05999700000000274, 0.029998999999996556, 44.580002, 44.669998, 3-4-2015
0.391304347826087, 0.6551724137931034,0.9199980000000068, 0.029998999999996556, 0.010002000000000066, 0.20999900000000338, 44.669998, 44.889999, 3-5-2015
0.25, 0.5675675675675675,0.3599960000000024, 0.20999900000000338, -0.4099990000000062, -0.7700009999999935, 44.889999, 43.709999, 3-6-2015
0.24, 0.6197183098591549,0.7800029999999936, -0.7700009999999935, 0.139998999999996, -0.09999799999999937, 43.709999, 43.75, 3-7-2015
0.32142857142857145, 0.6329113924050633,0.47000099999999634, -0.09999799999999937, 0.38000100000000003, 0.3400000000000034, 43.75, 44.470001, 3-8-2015
0.35, 0.6724137931034483,0.619999, 0.3400000000000034, -0.010002000000000066, -0.16999800000000675, 44.470001, 44.290001, 3-9-2015
0.18181818181818182, 0.5423728813559322,0.5899999999999963, -0.16999800000000675, 0.21999700000000644, 0.4600030000000004, 44.290001, 44.970001, 3-10-2015
0.08695652173913043, 0.4583333333333333,0.7000010000000003, 0.4600030000000004, -0.2800020000000032, 0.26000200000000007, 44.970001, 44.950001, 3-11-2015
0.2777777777777778, 0.711864406779661,0.5400009999999966, 0.26000200000000007, -0.26000200000000007, 0.15999899999999911, 44.950001, 44.849998, 3-12-2015
0.2692307692307692, 0.6338028169014085,0.6599999999999966, 0.15999899999999911, -0.039996999999999616, -0.3700019999999995, 44.849998, 44.439999, 3-13-2015
0.23076923076923078, 0.7619047619047619,0.5899999999999963, -0.3700019999999995, 0.17000199999999666, 0.25, 44.439999, 44.860001, 3-14-2015
0.2857142857142857, 0.6379310344827587,0.630001, 0.25, 0.04999899999999968, -0.2000009999999932, 44.860001, 44.709999, 3-15-2015
0.1875, 0.6212121212121212,0.38000100000000003, -0.2000009999999932, -0.12999700000000303, -0.38000100000000003, 44.709999, 44.200001, 3-16-2015
0.23529411764705882, 0.5625,0.4799989999999994, -0.38000100000000003, -0.07000000000000028, -0.7100030000000004, 44.200001, 43.419998, 3-17-2015
0.14285714285714285, 0.6956521739130435,0.7999990000000068, -0.7100030000000004, -0.1799960000000027, 0.00999800000000306, 43.419998, 43.25, 3-18-2015
0.35, 0.7065217391304348,0.7400010000000066, 0.00999800000000306, -0.18999900000000025, -0.20000000000000284, 43.25, 42.860001, 3-19-2015
0.17857142857142858, 0.5540540540540541,0.370002999999997, -0.20000000000000284, 0.22000100000000344, 0.7099989999999963, 42.860001, 43.790001, 3-20-2015
0.3157894736842105, 0.7142857142857143,0.9599989999999963, 0.7099989999999963, -0.3199999999999932, 0.1999969999999962, 43.790001, 43.669998, 3-21-2015
0.2222222222222222, 0.6521739130434783,0.49000199999999694, -0.04999899999999968, -0.020000999999993496, 0.23999799999999993, 43.490002, 43.709999, 4-1-2015
0.3157894736842105, 0.7,0.4799999999999969, 0.23999799999999993, -0.7000010000000003, 0.3100019999999972, 43.709999, 43.32, 4-2-2015
0.19047619047619047, 0.6363636363636364,0.6799999999999997, 0.3100019999999972, 0.04999899999999968, -0.0200010000000006, 43.32, 43.349998, 4-3-2015
0.5, 0.6410256410256411,0.35000199999999637, -0.0200010000000006, 0.0200010000000006, 0.06000099999999975, 43.349998, 43.43, 4-4-2015
0.36363636363636365, 0.6984126984126984,0.3099980000000002, 0.06000099999999975, -0.15000100000000316, 0.29000100000000373, 43.43, 43.57, 4-5-2015
0.375, 0.6818181818181818,0.47000100000000344, 0.29000100000000373, -0.07000000000000028, 0.25, 43.57, 43.75, 4-6-2015
0.26666666666666666, 0.6865671641791045,0.4499970000000033, 0.25, 0.06000099999999975, 0.27999900000000366, 43.75, 44.09, 4-7-2015
0.16666666666666666, 0.5,0.5200000000000031, 0.27999900000000366, -0.29000100000000373, -0.2700000000000031, 44.09, 43.529999, 4-8-2015
0.25, 0.5833333333333334,0.7200009999999963, -0.2700000000000031, -0.41999799999999965, 0.3199990000000028, 43.529999, 43.43, 4-9-2015
0.4444444444444444, 0.78125,0.8400000000000034, 0.3199990000000028, -0.04999899999999968, -0.4400019999999998, 43.43, 42.939999, 4-10-2015
0.4, 0.7142857142857143,0.8600009999999969, -0.4400019999999998, -0.2899969999999996, -0.21000300000000038, 42.939999, 42.439999, 4-11-2015
0.3333333333333333, 0.6352941176470588,0.630001, -0.21000300000000038, 0.2800020000000032, 0.039996999999999616, 42.439999, 42.759998, 4-12-2015
0.21428571428571427, 0.6129032258064516,0.33000200000000035, 0.039996999999999616, 0.14000399999999757, -0.40000200000000063, 42.759998, 42.5, 4-13-2015
0.4074074074074074, 0.6764705882352942,0.5300029999999936, -0.40000200000000063, 0.17999999999999972, 0.15000200000000063, 42.5, 42.830002, 4-14-2015
0.125, 0.46774193548387094,0.6900029999999973, 0.15000200000000063, -0.1600040000000007, 0.15000200000000063, 42.830002, 42.82, 4-15-2015
0.29411764705882354, 0.7647058823529411,0.4799999999999969, 0.15000200000000063, -0.15000200000000063, 0.07000399999999729, 42.82, 42.740002, 4-16-2015
0.35, 0.6875,0.36999899999999997, 0.07000399999999729, 0.09999800000000647, -0.27999900000000366, 42.740002, 42.560001, 4-17-2015
0.3076923076923077, 0.7166666666666667,0.5, -0.27999900000000366, 0.0, 0.3099980000000002, 42.560001, 42.869999, 4-18-2015
0.32, 0.6027397260273972,0.5599970000000027, 0.3099980000000002, -0.16999799999999965, 0.27999899999999656, 42.869999, 42.98, 4-19-2015
0.2777777777777778, 0.6376811594202898,0.5300020000000032, 0.27999899999999656, -0.04000099999999662, -0.07000000000000028, 42.98, 42.869999, 4-20-2015
0.2777777777777778, 0.5074626865671642,0.4300009999999972, -0.09000000000000341, 0.1600000000000037, 0.47000099999999634, 42.91, 43.540001, 5-1-2015
0.3333333333333333, 0.7121212121212122,0.619999, 0.47000099999999634, -0.19000299999999726, -0.09999799999999937, 43.540001, 43.25, 5-2-2015
0.2857142857142857, 0.7101449275362319,0.5499989999999997, -0.09999799999999937, 0.40000200000000063, -0.5500040000000013, 43.25, 43.099998, 5-3-2015
0.13043478260869565, 0.6323529411764706,0.8200000000000003, -0.5500040000000013, -0.009997999999995955, 0.009997999999995955, 43.099998, 43.099998, 5-4-2015
0.11764705882352941, 0.609375,0.4199989999999971, 0.009997999999995955, 0.25, 0.5100029999999975, 43.099998, 43.860001, 5-5-2015
0.35714285714285715, 0.7727272727272727,0.7000010000000003, 0.5100029999999975, -0.09000099999999378, -0.020000000000003126, 43.860001, 43.75, 5-6-2015
0.4090909090909091, 0.6875,0.2700009999999935, -0.020000000000003126, -0.25, 0.40000200000000063, 43.75, 43.900002, 5-7-2015
0.058823529411764705, 0.6538461538461539,0.7200010000000034, 0.40000200000000063, -0.05000400000000127, 0.29000100000000373, 43.900002, 44.139999, 5-8-2015
0.3181818181818182, 0.6533333333333333,0.5200009999999935, 0.29000100000000373, 0.2200019999999938, 0.020000000000003126, 44.139999, 44.380001, 5-9-2015
0.18181818181818182, 0.5692307692307692,0.38000100000000003, 0.020000000000003126, 0.0200010000000006, -0.4700020000000009, 44.380001, 43.93, 5-10-2015
0.18181818181818182, 0.6470588235294118,0.7400010000000066, -0.4700020000000009, 0.04000100000000373, 0.22999999999999687, 43.93, 44.200001, 5-11-2015
0.3157894736842105, 0.65,0.3600009999999969, 0.22999999999999687, 0.20999899999999627, 0.27999900000000366, 44.200001, 44.689999, 5-12-2015
0.2962962962962963, 0.640625,0.4500010000000003, 0.27999900000000366, -0.09000100000000089, -0.509997999999996, 44.689999, 44.09, 5-13-2015
0.24324324324324326, 0.575,0.6500020000000006, -0.509997999999996, -0.08000200000000035, -0.14999700000000615, 44.09, 43.860001, 5-14-2015
0.2857142857142857, 0.6666666666666666,0.27999899999999656, -0.14999700000000615, 0.0, -0.2900009999999966, 43.860001, 43.57, 5-15-2015
0.2571428571428571, 0.5432098765432098,0.41999800000000675, -0.2900009999999966, -0.02999900000000366, -0.17000199999999666, 43.57, 43.369999, 5-16-2015
0.21428571428571427, 0.5125,0.3699980000000025, -0.17000199999999666, 0.21000300000000038, 0.27999899999999656, 43.369999, 43.860001, 5-17-2015
0.2631578947368421, 0.671875,0.6000019999999964, 0.27999899999999656, -0.1100009999999969, -0.04999899999999968, 43.860001, 43.700001, 5-18-2015
0.25, 0.7285714285714285,0.3600009999999969, -0.04999899999999968, 0.05999700000000274, -0.6499970000000062, 43.700001, 43.110001, 5-19-2015
0.2857142857142857, 0.7088607594936709,0.619999, -0.27999899999999656, -0.10000200000000348, 0.26000200000000007, 42.970001, 43.130001, 6-1-2015
0.0, 0.6666666666666666,0.5899999999999963, 0.26000200000000007, 0.18999900000000025, 0.6500010000000032, 43.130001, 43.970001, 6-2-2015
0.21428571428571427, 0.6323529411764706,0.8399999999999963, 0.6500010000000032, -0.18000000000000682, -0.2999989999999997, 43.970001, 43.490002, 6-3-2015
0.13333333333333333, 0.6323529411764706,0.5200000000000031, -0.2999989999999997, 0.379997000000003, 0.12000299999999697, 43.490002, 43.990002, 6-4-2015
0.4117647058823529, 0.6716417910447762,0.6599999999999966, 0.12000299999999697, -0.1100009999999969, -0.22000100000000344, 43.990002, 43.66, 6-5-2015
0.28, 0.6493506493506493,0.5200009999999935, -0.22000100000000344, 0.11000000000000654, 0.29999999999999716, 43.66, 44.07, 6-6-2015
0.42857142857142855, 0.6666666666666666,0.7799989999999966, 0.29999999999999716, 0.20999899999999627, 0.5300020000000032, 44.07, 44.810001, 6-7-2015
0.3125, 0.5735294117647058,0.7700009999999935, 0.5300020000000032, 0.039996999999999616, 0.0, 44.810001, 44.849998, 6-8-2015
0.21428571428571427, 0.65,0.4300009999999972, 0.0, -0.09999799999999937, 0.029998999999996556, 44.849998, 44.779999, 6-9-2015
0.20833333333333334, 0.6197183098591549,0.38000100000000003, 0.029998999999996556, -0.45999899999999627, 0.08000200000000035, 44.779999, 44.400002, 6-10-2015
0.5789473684210527, 0.734375,0.46999699999999933, 0.08000200000000035, -0.12000300000000408, 0.31000100000000685, 44.400002, 44.59, 6-11-2015
0.25, 0.7777777777777778,0.36999899999999997, 0.31000100000000685, 0.16999799999999965, -0.11999899999999997, 44.59, 44.639999, 6-12-2015
0.3684210526315789, 0.6447368421052632,0.5099990000000005, -0.11999899999999997, 0.07000000000000028, 0.06999999999999318, 44.639999, 44.779999, 6-13-2015
0.11538461538461539, 0.5375,0.6500010000000032, 0.06999999999999318, -0.18999899999999315, 0.04999899999999968, 44.779999, 44.639999, 6-14-2015
0.0, 0.5333333333333333,0.48999799999999993, 0.04999899999999968, 0.3200000000000003, 0.020000999999993496, 44.639999, 44.98, 6-15-2015
0.36, 0.734375,0.36999899999999997, 0.020000999999993496, 0.20000000000000284, -0.08000200000000035, 44.98, 45.099998, 6-16-2015
0.14814814814814814, 0.5405405405405406,0.33000199999999325, -0.08000200000000035, -0.25999799999999595, -0.09999800000000647, 45.099998, 44.740002, 6-17-2015
0.25806451612903225, 0.6329113924050633,0.3899990000000031, -0.09999800000000647, 0.05999700000000274, -0.23999799999999993, 44.740002, 44.560001, 6-18-2015
0.25806451612903225, 0.5396825396825397,0.49000199999999694, -0.23999799999999993, -0.030002000000003193, -0.020000999999993496, 44.560001, 44.509998, 6-19-2015
0.47619047619047616, 0.6666666666666666,0.3399999999999963, -0.020000999999993496, -0.5999980000000065, -0.5, 44.509998, 43.41, 6-20-2015
0.4166666666666667, 0.5846153846153846,0.8100019999999972, -0.5, 0.4300000000000068, -0.4399980000000028, 43.41, 43.400002, 6-21-2015
0.3888888888888889, 0.6619718309859155,0.4399980000000028, 0.23000400000000099, -0.060001999999997224, -0.47000100000000344, 44.150002, 43.619999, 7-1-2015
0.36363636363636365, 0.647887323943662,0.6699979999999996, -0.47000100000000344, -0.46999699999999933, 0.44999599999999873, 43.619999, 43.599998, 7-2-2015
0.14814814814814814, 0.6666666666666666,0.600003000000001, 0.44999599999999873, -0.11999800000000249, -0.00999899999999343, 43.599998, 43.470001, 7-3-2015
0.3, 0.6461538461538462,0.630001, -0.00999899999999343, -0.2299990000000065, -0.5700039999999973, 43.470001, 42.669998, 7-4-2015
0.16129032258064516, 0.569620253164557,0.5899999999999963, -0.5700039999999973, 0.620002999999997, -0.33000199999999325, 42.669998, 42.959999, 7-5-2015
0.3076923076923077, 0.6794871794871795,0.5, -0.33000199999999325, 0.7999989999999997, -0.3199990000000028, 42.959999, 43.439999, 7-6-2015
0.30434782608695654, 0.7014925373134329,0.5500029999999967, -0.3199990000000028, 0.3000029999999967, 0.09000000000000341, 43.439999, 43.830002, 7-7-2015
0.2857142857142857, 0.6428571428571429,0.33000200000000035, 0.09000000000000341, -0.12000299999999697, 0.17000199999999666, 43.830002, 43.880001, 7-8-2015
0.35714285714285715, 0.7096774193548387,0.42000200000000376, 0.17000199999999666, 0.07999800000000334, 1.5699999999999932, 43.880001, 45.529999, 7-9-2015
0.17142857142857143, 0.5675675675675675,1.9099989999999991, 1.5699999999999932, 0.3500020000000035, -0.020000000000003126, 45.529999, 45.860001, 7-10-2015
0.3333333333333333, 0.5925925925925926,0.48999799999999993, -0.020000000000003126, -0.24000199999999694, 0.2299989999999994, 45.860001, 45.849998, 7-11-2015
0.2857142857142857, 0.6666666666666666,0.4799990000000065, 0.2299989999999994, 0.11000100000000401, -0.11999899999999997, 45.849998, 45.84, 7-12-2015
0.2631578947368421, 0.6129032258064516,0.36000000000000654, -0.11999899999999997, 0.04000099999999662, -0.1399990000000031, 45.84, 45.740002, 7-13-2015
0.23529411764705882, 0.7101449275362319,0.41999799999999965, -0.1399990000000031, -0.060001999999997224, 0.2700010000000006, 45.740002, 45.950001, 7-14-2015
0.375, 0.6212121212121212,0.4799999999999969, 0.2700010000000006, -0.04000100000000373, -0.25, 45.950001, 45.66, 7-15-2015
0.5, 0.6557377049180327,0.619999, -0.25, -0.09999899999999684, -0.2800020000000032, 45.66, 45.279999, 7-16-2015
0.23809523809523808, 0.64,0.4599990000000034, -0.2800020000000032, -0.2999989999999997, -0.1800009999999972, 45.279999, 44.799999, 7-17-2015
0.30434782608695654, 0.55,0.32999799999999624, -0.1800009999999972, 0.22999999999999687, -0.2999989999999997, 44.799999, 44.73, 7-18-2015
0.20833333333333334, 0.6349206349206349,0.5099990000000005, -0.2999989999999997, 0.0, 0.2799980000000062, 44.73, 45.009998, 7-19-2015
0.4, 0.6865671641791045,0.4300009999999972, 0.2799980000000062, -0.20999900000000338, 0.26000200000000007, 45.009998, 45.060001, 7-20-2015
0.19230769230769232, 0.627906976744186,0.3400000000000034, 0.26000200000000007, 0.05999800000000022, 0.09000000000000341, 45.060001, 45.209999, 7-21-2015
0.2, 0.5671641791044776,0.4500010000000003, -0.04999899999999968, -0.030003000000000668, 0.17000200000000376, 45.080002, 45.220001, 8-1-2015
0.375, 0.6811594202898551,0.5099989999999934, 0.17000200000000376, 0.3099979999999931, -0.09999899999999684, 45.220001, 45.43, 8-2-2015
0.25, 0.704225352112676,0.4700019999999938, -0.09999899999999684, 0.1100009999999969, -0.33000199999999325, 45.43, 45.209999, 8-3-2015
0.2608695652173913, 0.5789473684210527,0.5900000000000034, -0.33000199999999325, 0.010002000000000066, -0.11000000000000654, 45.209999, 45.110001, 8-4-2015
0.2692307692307692, 0.5641025641025641,0.6500019999999935, -0.11000000000000654, 0.34999800000000647, 0.5600009999999997, 45.110001, 46.02, 8-5-2015
0.2777777777777778, 0.6712328767123288,0.5800010000000029, 0.5600009999999997, -0.5200000000000031, -0.09999799999999937, 46.02, 45.400002, 8-6-2015
0.15789473684210525, 0.7076923076923077,0.47000100000000344, -0.09999799999999937, -0.28000300000000067, -0.22999999999999687, 45.400002, 44.889999, 8-7-2015
0.3333333333333333, 0.7530864197530864,0.8600009999999969, -0.22999999999999687, 0.08000200000000035, 0.09999899999999684, 44.889999, 45.07, 8-8-2015
0.25, 0.5735294117647058,0.3899990000000031, 0.09999899999999684, 0.0, 0.5299979999999991, 45.07, 45.599998, 8-9-2015
0.4, 0.6086956521739131,0.6399990000000031, 0.5299979999999991, -0.2999989999999997, 0.35000300000000095, 45.599998, 45.650002, 8-10-2015
0.4230769230769231, 0.6410256410256411,0.6500019999999935, 0.35000300000000095, 0.019995999999999015, 0.08000200000000035, 45.650002, 45.75, 8-11-2015
0.17647058823529413, 0.6575342465753424,0.29000100000000373, 0.08000200000000035, -0.20999900000000338, -0.17999999999999972, 45.75, 45.360001, 8-12-2015
0.10526315789473684, 0.6271186440677966,0.5500029999999967, -0.17999999999999972, -0.4799999999999969, -0.7800030000000007, 45.360001, 44.099998, 8-13-2015
0.23809523809523808, 0.5238095238095238,0.8000040000000013, -0.7800030000000007, -0.45999899999999627, -0.8600000000000065, 44.099998, 42.779999, 8-14-2015
0.14814814814814814, 0.5230769230769231,1.0500029999999967, -0.8600000000000065, -2.4599989999999963, 0.4299999999999997, 42.779999, 40.75, 8-15-2015
0.3, 0.7183098591549296,3.1600000000000037, 0.4299999999999997, 1.2900009999999966, -2.2800029999999936, 40.75, 39.759998, 8-16-2015
0.0625, 0.5535714285714286,2.4199979999999996, -2.2800029999999936, 0.9000019999999935, 0.75, 39.759998, 41.41, 8-17-2015
0.19047619047619047, 0.625,1.3400009999999938, 0.75, 0.4799990000000065, 0.6900029999999973, 41.41, 42.580002, 8-18-2015
0.3333333333333333, 0.6153846153846154,0.9099999999999966, 0.6900029999999973, -0.15000200000000063, 0.1600000000000037, 42.580002, 42.59, 8-19-2015
0.0, 0.7037037037037037,0.4800039999999939, 0.1600000000000037, -0.29000100000000373, 0.04999899999999968, 42.59, 42.349998, 8-20-2015
0.2857142857142857, 0.6714285714285714,1.4199979999999996, -1.0700000000000003, 0.6899990000000003, 0.06000099999999975, 40.27, 41.02, 9-1-2015
0.2608695652173913, 0.64,0.6699979999999996, 0.06000099999999975, 0.14999799999999652, 0.2700010000000006, 41.02, 41.439999, 9-2-2015
0.4666666666666667, 0.7352941176470589,0.8300020000000004, 0.2700010000000006, -0.5799980000000033, -0.3100019999999972, 41.439999, 40.549999, 9-3-2015
0.45454545454545453, 0.6181818181818182,0.7900009999999966, -0.3100019999999972, 0.850003000000001, 0.02999799999999908, 40.549999, 41.43, 9-4-2015
0.14285714285714285, 0.5232558139534884,0.6600000000000037, 0.02999799999999908, 0.4799999999999969, -1.0299989999999966, 41.43, 40.880001, 9-5-2015
0.14285714285714285, 0.6351351351351351,1.2299990000000065, -1.0299989999999966, -0.19000199999999978, 0.4099989999999991, 40.880001, 41.099998, 9-6-2015
0.23809523809523808, 0.5714285714285714,0.7799979999999991, 0.4099989999999991, -0.15999899999999911, 0.1200019999999995, 41.099998, 41.060001, 9-7-2015
0.13636363636363635, 0.5733333333333334,0.5499990000000068, 0.1200019999999995, -0.15000100000000316, 0.00999800000000306, 41.060001, 40.919998, 9-8-2015
0.25, 0.5737704918032787,0.41999799999999965, 0.00999800000000306, 0.22000100000000344, 0.8600009999999969, 40.919998, 42.0, 9-9-2015
0.21052631578947367, 0.6551724137931034,1.0900010000000009, 0.8600009999999969, -0.04000099999999662, 0.40000199999999353, 42.0, 42.360001, 9-10-2015
0.2, 0.6271186440677966,0.6599999999999966, 0.40000199999999353, 0.04999899999999968, -0.75, 42.360001, 41.66, 9-11-2015
0.2, 0.6956521739130435,1.2299999999999969, -0.75, -0.5600019999999972, 0.07000000000000028, 41.66, 41.169998, 9-12-2015
0.19230769230769232, 0.573170731707317,0.5399969999999996, 0.07000000000000028, 0.3000030000000038, 0.04999899999999968, 41.169998, 41.52, 9-13-2015
0.09090909090909091, 0.5857142857142857,0.5599970000000027, 0.04999899999999968, -0.7400010000000066, 0.3199990000000028, 41.52, 41.099998, 9-14-2015
0.25925925925925924, 0.6923076923076923,0.5099980000000031, 0.3199990000000028, -0.039996999999999616, 0.0, 41.099998, 41.060001, 9-15-2015
0.4782608695652174, 0.6794871794871795,0.40000199999999353, 0.0, -0.47000099999999634, 0.16999799999999965, 41.060001, 40.759998, 9-16-2015
0.21052631578947367, 0.5569620253164557,0.649996999999999, 0.16999799999999965, 0.7100030000000004, 0.1999969999999962, 40.759998, 41.669998, 9-17-2015
0.14814814814814814, 0.48484848484848486,0.7099990000000034, 0.1999969999999962, -0.519995999999999, -0.730004000000001, 41.669998, 40.419998, 9-18-2015
0.3, 0.7205882352941176,1.0400010000000037, -0.730004000000001, 0.10000200000000348, 0.1300019999999975, 40.419998, 40.650002, 9-19-2015
0.18181818181818182, 0.5632183908045977,0.5400010000000037, 0.1300019999999975, 0.48999700000000246, -0.13000100000000003, 40.650002, 41.009998, 9-20-2015
0.2, 0.6111111111111112,0.7800020000000032, 0.1100009999999969, -1.1500010000000032, 0.7700000000000031, 41.130001, 40.75, 10-1-2015
0.4166666666666667, 0.6785714285714286,1.4700010000000034, 0.7700000000000031, 0.3899990000000031, 0.42000199999999666, 40.75, 41.560001, 10-2-2015
0.24, 0.6486486486486487,0.5699990000000028, 0.42000199999999666, -0.10999999999999943, 0.04000099999999662, 41.560001, 41.490002, 10-3-2015
0.30434782608695654, 0.6282051282051282,0.38000100000000003, 0.04000099999999662, 0.2999989999999997, 0.0, 41.490002, 41.790001, 10-4-2015
0.42857142857142855, 0.6197183098591549,0.5300030000000007, 0.0, -0.22999999999999687, 0.3400010000000009, 41.790001, 41.900002, 10-5-2015
0.4, 0.711864406779661,0.5700000000000003, 0.3400010000000009, 0.12999699999999592, -0.4499969999999962, 41.900002, 41.580002, 10-6-2015
0.15384615384615385, 0.7166666666666667,0.75, -0.4499969999999962, 0.0899959999999993, -0.039996999999999616, 41.580002, 41.630001, 10-7-2015
0.17391304347826086, 0.6896551724137931,0.3900030000000001, -0.039996999999999616, -0.15000100000000316, -0.04999999999999716, 41.630001, 41.43, 10-8-2015
0.2777777777777778, 0.5764705882352941,0.27999899999999656, -0.04999999999999716, -0.09999799999999937, -0.8300020000000004, 41.43, 40.5, 10-9-2015
0.23809523809523808, 0.6507936507936508,0.9899979999999999, -0.8300020000000004, 0.7200010000000034, -0.21000300000000038, 40.5, 41.009998, 10-10-2015
0.20689655172413793, 0.625,0.9599990000000034, -0.21000300000000038, 0.1800009999999972, -0.4199989999999971, 41.009998, 40.77, 10-11-2015
0.3181818181818182, 0.5393258426966292,0.8600009999999969, -0.4199989999999971, -0.13000100000000003, 0.09000099999999378, 40.77, 40.73, 10-12-2015
0.15384615384615385, 0.578125,0.4799999999999969, 0.09000099999999378, 0.11000000000000654, 0.4099999999999966, 40.73, 41.25, 10-13-2015
0.3125, 0.6774193548387096,0.7599980000000031, 0.4099999999999966, 0.24000199999999694, -0.3900039999999976, 41.25, 41.099998, 10-14-2015
0.13043478260869565, 0.5571428571428572,0.6700019999999967, -0.3900039999999976, 0.26000299999999754, 0.4799990000000065, 41.099998, 41.84, 10-15-2015
0.6153846153846154, 0.746031746031746,0.9199979999999996, 0.4799990000000065, 0.3100019999999972, 0.46999699999999933, 41.84, 42.619999, 10-16-2015
0.23076923076923078, 0.676056338028169,0.8399999999999963, 0.46999699999999933, -0.07999800000000334, -0.020000999999993496, 42.619999, 42.52, 10-17-2015
0.3157894736842105, 0.6349206349206349,0.5499989999999997, -0.020000999999993496, -0.26000200000000007, -0.1600000000000037, 42.52, 42.099998, 10-18-2015
0.22727272727272727, 0.5342465753424658,0.5599970000000027, -0.1600000000000037, 0.10000300000000095, 0.8599999999999994, 42.099998, 43.060001, 10-19-2015
0.09090909090909091, 0.6075949367088608,1.1399999999999935, 0.8599999999999994, -0.08000100000000288, 0.020000000000003126, 43.060001, 43.0, 10-20-2015
0.16666666666666666, 0.5571428571428572,0.4100000000000037, 0.020000000000003126, -0.020000000000003126, -0.7999999999999972, 43.0, 42.18, 10-21-2015
0.25, 0.6301369863013698,0.5999980000000065, 0.34999800000000647, 0.009997999999995955, 0.10000300000000095, 42.59, 42.700001, 11-1-2015
0.2857142857142857, 0.6785714285714286,0.6399990000000031, 0.10000300000000095, 0.029998999999996556, -0.1100009999999969, 42.700001, 42.619999, 11-2-2015
0.3333333333333333, 0.6417910447761194,0.4299960000000027, -0.1100009999999969, 0.0, 0.010002000000000066, 42.619999, 42.630001, 11-3-2015
0.2857142857142857, 0.6538461538461539,0.4599990000000034, 0.010002000000000066, 1.0900000000000034, 0.0, 42.630001, 43.720001, 11-4-2015
0.125, 0.5384615384615384,0.7400019999999969, 0.0, 0.020000999999993496, -0.40000199999999353, 43.720001, 43.34, 11-5-2015
0.30434782608695654, 0.6352941176470588,0.8300020000000004, -0.40000199999999353, -0.15000100000000316, 0.17000199999999666, 43.34, 43.360001, 11-6-2015
0.29411764705882354, 0.6973684210526315,0.4499969999999962, 0.17000199999999666, 0.25999800000000306, -0.2899969999999996, 43.360001, 43.330002, 11-7-2015
0.09090909090909091, 0.6428571428571429,0.5400009999999966, -0.2899969999999996, -0.29000100000000373, -0.3199999999999932, 43.330002, 42.720001, 11-8-2015
0.2631578947368421, 0.6666666666666666,0.39000000000000057, -0.3199999999999932, -0.2299990000000065, -0.1100009999999969, 42.720001, 42.380001, 11-9-2015
0.17857142857142858, 0.5466666666666666,0.5699990000000028, -0.1100009999999969, -0.010002000000000066, 0.7400019999999969, 42.380001, 43.110001, 11-10-2015
0.25, 0.7162162162162162,0.870002999999997, 0.7400019999999969, 0.06999900000000281, -0.1599999999999966, 43.110001, 43.02, 11-11-2015
0.2727272727272727, 0.6708860759493671,0.6599999999999966, -0.1599999999999966, 0.09000099999999378, 0.7799980000000062, 43.02, 43.889999, 11-12-2015
0.125, 0.673469387755102,1.0400009999999966, 0.7799980000000062, 0.020000999999993496, 0.24000200000000405, 43.889999, 44.150002, 11-13-2015
0.42857142857142855, 0.603448275862069,0.5299980000000062, 0.24000200000000405, 0.23999700000000246, -0.34999800000000647, 44.150002, 44.040001, 11-14-2015
0.5333333333333333, 0.7794117647058824,0.47000099999999634, -0.34999800000000647, 0.020000000000003126, -0.2800020000000032, 44.040001, 43.779999, 11-15-2015
0.14285714285714285, 0.64,0.49000099999999946, -0.2800020000000032, -0.20999899999999627, 0.2900009999999966, 43.779999, 43.860001, 11-16-2015
0.2, 0.6323529411764706,0.6000029999999938, 0.2900009999999966, 0.04000100000000373, -0.1300019999999975, 43.860001, 43.77, 11-17-2015
0.2916666666666667, 0.6031746031746031,0.29999999999999716, -0.1300019999999975, 0.09999899999999684, 0.030003000000000668, 43.77, 43.900002, 11-18-2015
0.14285714285714285, 0.7719298245614035,0.42000199999999666, 0.030003000000000668, 0.02999799999999908, -0.04000099999999662, 43.900002, 43.889999, 11-19-2015
0.2608695652173913, 0.7213114754098361,0.5400009999999966, 0.17000199999999666, 0.04999999999999716, -0.5900009999999938, 44.310001, 43.77, 12-1-2015
0.12, 0.5416666666666666,0.7600020000000001, -0.5900009999999938, 0.20000100000000032, -0.7700000000000031, 43.77, 43.200001, 12-2-2015
0.38461538461538464, 0.6956521739130435,0.9200020000000038, -0.7700000000000031, 0.25999800000000306, 0.880001, 43.200001, 44.34, 12-3-2015
0.25, 0.6666666666666666,1.0499989999999997, 0.880001, -0.20000100000000032, -0.029998000000006186, 44.34, 44.110001, 12-4-2015
0.45454545454545453, 0.703125,0.5999989999999968, -0.029998000000006186, -0.27999899999999656, -0.28000300000000067, 44.110001, 43.549999, 12-5-2015
0.25, 0.5211267605633803,0.6599990000000062, -0.28000300000000067, -0.30999700000000274, -0.23000399999999388, 43.549999, 43.009998, 12-6-2015
0.18181818181818182, 0.6,1.0899999999999963, -0.23000399999999388, 0.05000299999999669, 0.11999899999999997, 43.009998, 43.18, 12-7-2015
0.2857142857142857, 0.7195121951219512,0.7999990000000068, 0.11999899999999997, -0.6700019999999967, -0.2899969999999996, 43.18, 42.220001, 12-8-2015
0.375, 0.5915492957746479,0.8300010000000029, -0.2899969999999996, 0.07999799999999624, 0.13000100000000003, 42.220001, 42.43, 12-9-2015
0.4666666666666667, 0.7083333333333334,0.7200009999999963, 0.13000100000000003, 0.5600019999999972, 0.6799960000000027, 42.43, 43.669998, 12-10-2015
0.38461538461538464, 0.6219512195121951,0.9200020000000038, 0.6799960000000027, 0.26000200000000007, 0.4300009999999972, 43.669998, 44.360001, 12-11-2015
0.1875, 0.6049382716049383,1.0800020000000004, 0.4300009999999972, 0.15999900000000622, -0.6899980000000028, 44.360001, 43.830002, 12-12-2015
0.18181818181818182, 0.6206896551724138,0.75, -0.6899980000000028, -0.29000100000000373, -1.1799999999999997, 43.830002, 42.360001, 12-13-2015
0.28, 0.603448275862069,1.230004000000001, -1.1799999999999997, 0.2999989999999997, -0.06999999999999318, 42.360001, 42.59, 12-14-2015
0.3333333333333333, 0.7333333333333333,0.8200000000000003, -0.06999999999999318, 0.3199999999999932, -0.20999899999999627, 42.59, 42.700001, 12-15-2015
0.13043478260869565, 0.5384615384615384,0.75, -0.20999899999999627, 0.3899990000000031, 0.38999999999999346, 42.700001, 43.48, 12-16-2015
0.3076923076923077, 0.6296296296296297,0.620002999999997, 0.38999999999999346, -0.09999899999999684, 0.039996999999999616, 43.48, 43.419998, 12-17-2015
0.13043478260869565, 0.532258064516129,0.24000200000000405, 0.039996999999999616, -0.1799960000000027, -0.19000299999999726, 43.419998, 43.049999, 12-18-2015
0.11538461538461539, 0.5555555555555556,0.6099960000000024, -0.19000299999999726, 0.10000300000000095, 0.3699980000000025, 43.049999, 43.52, 12-19-2015
0.17142857142857143, 0.56,0.4700019999999938, 0.3699980000000025, -0.15000100000000316, -0.3600009999999969, 43.52, 43.009998, 12-20-2015
0.15, 0.5538461538461539,0.5399969999999996, -0.3600009999999969, -0.21999700000000644, -0.12000299999999697, 43.009998, 42.669998, 12-21-2015
0.28, 0.6206896551724138,0.7099990000000034, -0.2700000000000031, -0.00999899999999343, 0.20999899999999627, 41.48, 41.68, 1-1-2016
0.21052631578947367, 0.5645161290322581,0.5300020000000032, 0.20999899999999627, -0.6399990000000031, 0.00999800000000306, 41.68, 41.049999, 1-2-2016
0.23809523809523808, 0.5692307692307692,0.7599990000000005, 0.00999800000000306, -0.7399979999999999, -0.04000099999999662, 41.049999, 40.27, 1-3-2016
0.07142857142857142, 0.6875,0.7799989999999966, -0.04000099999999662, 0.36999899999999997, -0.9399980000000028, 40.27, 39.700001, 1-4-2016
0.42105263157894735, 0.6949152542372882,1.0900000000000034, -0.9399980000000028, 0.30999700000000274, -0.14999700000000615, 39.700001, 39.860001, 1-5-2016
0.25, 0.6351351351351351,0.630001, -0.14999700000000615, 0.5400010000000037, 0.21999699999999933, 39.860001, 40.619999, 1-6-2016
0.3333333333333333, 0.6060606060606061,0.9700009999999963, 0.21999699999999933, 0.2999989999999997, -1.9099999999999966, 40.619999, 39.009998, 1-7-2016
0.0, 0.6909090909090909,2.0899999999999963, -1.9099999999999966, 0.5899999999999963, 0.33000200000000035, 39.009998, 39.93, 1-8-2016
0.3, 0.5952380952380952,1.0999980000000065, 0.33000200000000035, -1.9200019999999967, 1.0400009999999966, 39.93, 39.049999, 1-9-2016
0.23809523809523808, 0.547945205479452,1.4699979999999968, 1.0400009999999966, 0.42000200000000376, -0.3400000000000034, 39.049999, 39.130001, 1-10-2016
0.25, 0.6164383561643836,1.119999, -0.3400000000000034, -0.8300020000000004, 0.5700000000000003, 39.130001, 38.869999, 1-11-2016
0.11538461538461539, 0.5670103092783505,1.0700039999999973, 0.5700000000000003, 0.07000000000000028, -0.4199989999999971, 38.869999, 38.52, 1-12-2016
0.16666666666666666, 0.7142857142857143,0.9599990000000034, -0.4199989999999971, 0.7799989999999966, 0.07000000000000028, 38.52, 39.369999, 1-13-2016
0.5, 0.6376811594202898,0.6000020000000035, 0.07000000000000028, -0.07999800000000334, -1.0, 39.369999, 38.290001, 1-14-2016
0.2857142857142857, 0.6710526315789473,1.1199980000000025, -1.0, 0.14999800000000363, 0.5800010000000029, 38.290001, 39.02, 1-15-2016
0.25925925925925924, 0.6266666666666667,0.9799990000000065, 0.5800010000000029, 0.09999899999999684, 0.06000099999999975, 39.02, 39.18, 1-16-2016
0.38095238095238093, 0.6756756756756757,1.1599999999999966, 0.06000099999999975, 0.32999800000000334, -0.2899969999999996, 39.18, 39.220001, 1-17-2016
0.2777777777777778, 0.5932203389830508,0.7999989999999997, -0.2899969999999996, 0.0899999999999963, 0.75, 39.220001, 40.060001, 1-18-2016
0.26666666666666666, 0.8620689655172413,0.47000100000000344, -0.09000000000000341, -0.5299989999999966, -0.5200000000000031, 39.799999, 38.75, 2-1-2016
0.3157894736842105, 0.6,0.6799999999999997, -0.5200000000000031, 0.17999999999999972, 0.34999899999999684, 38.75, 39.279999, 2-2-2016
0.20833333333333334, 0.5857142857142857,1.3600000000000065, 0.34999899999999684, 0.0, 0.8300020000000004, 39.279999, 40.110001, 2-3-2016
0.30434782608695654, 0.6410256410256411,1.0300030000000007, 0.8300020000000004, 0.09000000000000341, -0.1100009999999969, 40.110001, 40.09, 2-4-2016
0.45, 0.6333333333333333,0.6099999999999994, -0.1100009999999969, -0.42000200000000376, -0.1399990000000031, 40.09, 39.529999, 2-5-2016
0.4, 0.6764705882352942,1.0699999999999932, -0.1399990000000031, -0.6899989999999931, 0.5600019999999972, 39.529999, 39.400002, 2-6-2016
0.21052631578947367, 0.6133333333333333,1.1899990000000003, 0.5600019999999972, 0.5399969999999996, -0.8999980000000036, 39.400002, 39.040001, 2-7-2016
0.391304347826087, 0.5833333333333334,1.2700009999999935, -0.8999980000000036, -1.0400009999999966, -0.5499989999999997, 39.040001, 37.450001, 2-8-2016
0.23809523809523808, 0.5285714285714286,1.010002, -0.5499989999999997, 0.7900009999999966, 0.8599960000000024, 37.450001, 39.099998, 2-9-2016
0.2857142857142857, 0.6938775510204082,1.1500020000000006, 0.8599960000000024, 0.5500040000000013, 0.5399969999999996, 39.099998, 40.189999, 2-10-2016
0.17647058823529413, 0.6086956521739131,1.2400010000000066, 0.5399969999999996, 0.42000199999999666, -0.49000199999999694, 40.189999, 40.119999, 2-11-2016
0.22727272727272727, 0.6493506493506493,0.6399990000000031, -0.49000199999999694, -0.029998999999996556, -0.5999980000000065, 40.119999, 39.490002, 2-12-2016
0.3333333333333333, 0.71875,0.8299980000000033, -0.5999980000000065, -0.21000300000000038, 0.18000000000000682, 39.490002, 39.459999, 2-13-2016
0.23809523809523808, 0.7,0.6699989999999971, 0.18000000000000682, 0.0, 0.7700009999999935, 39.459999, 40.23, 2-14-2016
0.42105263157894735, 0.6794871794871795,0.9299999999999997, 0.7700009999999935, -0.27999899999999656, -1.0800020000000004, 40.23, 38.869999, 2-15-2016
0.41379310344827586, 0.6119402985074627,1.260002, -1.0800020000000004, -0.5999989999999968, 0.16999899999999712, 38.869999, 38.439999, 2-16-2016
0.30303030303030304, 0.6790123456790124,1.0600009999999997, 0.16999899999999712, 0.17999999999999972, 0.5200000000000031, 38.439999, 39.139999, 2-17-2016
0.4, 0.6666666666666666,0.6699979999999996, 0.5200000000000031, 0.35000299999999385, -0.20000100000000032, 39.139999, 39.290001, 2-18-2016
0.2631578947368421, 0.6463414634146342,0.6799999999999997, -0.20000100000000032, -0.04000099999999662, -0.7299999999999969, 39.290001, 38.52, 2-19-2016
0.11764705882352941, 0.625,1.2100030000000004, 1.2100030000000004, 0.0899999999999963, 0.5399969999999996, 39.900002, 40.529999, 3-1-2016
0.4, 0.6166666666666667,0.6899989999999931, 0.5399969999999996, -0.04999899999999968, 0.29000000000000625, 40.529999, 40.77, 3-2-2016
0.2222222222222222, 0.6515151515151515,0.5599979999999931, 0.29000000000000625, 0.13999999999999346, 0.11999899999999997, 40.77, 41.029999, 3-3-2016
0.07692307692307693, 0.660377358490566,0.5999980000000065, 0.11999899999999997, -0.3799969999999959, 0.11999800000000249, 41.029999, 40.77, 3-4-2016
0.25, 0.6041666666666666,0.4399980000000028, 0.11999800000000249, -0.5499989999999997, -0.3700030000000041, 40.77, 39.849998, 3-5-2016
0.12903225806451613, 0.5138888888888888,0.6399990000000031, -0.3700030000000041, 0.29000100000000373, -0.38000100000000003, 39.849998, 39.759998, 3-6-2016
0.2857142857142857, 0.7288135593220338,0.5200000000000031, -0.38000100000000003, 0.1800009999999972, -0.4300009999999972, 39.759998, 39.509998, 3-7-2016
0.18518518518518517, 0.5555555555555556,1.109997, -0.4300009999999972, 0.42000199999999666, 0.5299990000000037, 39.509998, 40.459999, 3-8-2016
0.2608695652173913, 0.6984126984126984,0.880001, 0.5299990000000037, 0.010002000000000066, 0.020000999999993496, 40.459999, 40.490002, 3-9-2016
0.20689655172413793, 0.49230769230769234,0.619999, 0.020000999999993496, -0.35000299999999385, 0.6500019999999935, 40.490002, 40.790001, 3-10-2016
0.12, 0.5806451612903226,0.7700000000000031, 0.6500019999999935, -0.15000199999999353, -0.09999800000000647, 40.790001, 40.540001, 3-11-2016
0.13333333333333333, 0.6338028169014085,0.75, -0.09999800000000647, -0.1599999999999966, 0.3099980000000002, 40.540001, 40.689999, 3-12-2016
0.23809523809523808, 0.7428571428571429,0.7299999999999969, 0.3099980000000002, 0.31000099999999975, 0.3200000000000003, 40.689999, 41.32, 3-13-2016
0.36666666666666664, 0.6376811594202898,0.5599970000000027, 0.3200000000000003, -0.09000000000000341, 0.15000100000000316, 41.32, 41.380001, 3-14-2016
0.2916666666666667, 0.654320987654321,0.4300009999999972, 0.15000100000000316, -0.3600009999999969, 0.29999999999999716, 41.380001, 41.32, 3-15-2016
0.2727272727272727, 0.5540540540540541,0.7299999999999969, 0.29999999999999716, -0.11999899999999997, -0.010002000000000066, 41.32, 41.189999, 3-16-2016
0.19047619047619047, 0.6923076923076923,0.4699979999999968, -0.010002000000000066, -0.4599990000000034, 0.04999899999999968, 41.189999, 40.779999, 3-17-2016
0.1875, 0.5571428571428572,0.38000100000000003, 0.04999899999999968, 0.060001000000006854, -0.15000100000000316, 40.779999, 40.689999, 3-18-2016
0.28, 0.5970149253731343,0.43999900000000025, -0.15000100000000316, -0.3799980000000005, 0.07999800000000334, 40.689999, 40.389999, 3-19-2016
0.16666666666666666, 0.5797101449275363,0.6800000000000068, 0.07999800000000334, 0.2200019999999938, 0.38000100000000003, 40.389999, 40.990002, 3-20-2016
0.17391304347826086, 0.6666666666666666,0.6699980000000068, 0.38000100000000003, -0.13000100000000003, -0.2700009999999935, 40.990002, 40.59, 3-21-2016
0.28, 0.6623376623376623,0.7799989999999966, 0.39000000000000057, -0.0200010000000006, 0.0, 40.700001, 40.68, 4-1-2016
0.11538461538461539, 0.5333333333333333,0.4299999999999997, 0.0, -0.4299999999999997, -0.20000100000000032, 40.68, 40.049999, 4-2-2016
0.14285714285714285, 0.5657894736842105,0.5699999999999932, -0.20000100000000032, -0.14999699999999905, 0.18999800000000278, 40.049999, 40.09, 4-3-2016
0.16666666666666666, 0.6388888888888888,0.5600009999999997, 0.18999800000000278, -0.3400000000000034, -0.6500020000000006, 40.09, 39.099998, 4-4-2016
0.1875, 0.6708860759493671,0.9799989999999994, -0.6500020000000006, 0.3800019999999975, -0.09999899999999684, 39.099998, 39.380001, 4-5-2016
0.3684210526315789, 0.7090909090909091,0.5699990000000028, -0.09999899999999684, 0.20000100000000032, -0.050003000000003794, 39.380001, 39.529999, 4-6-2016
0.16666666666666666, 0.6162790697674418,0.630001, -0.050003000000003794, 0.21000300000000038, 0.5199960000000061, 39.529999, 40.259998, 4-7-2016
0.08333333333333333, 0.6746987951807228,0.7999989999999997, 0.5199960000000061, 0.5100020000000001, 0.32999799999999624, 40.259998, 41.099998, 4-8-2016
0.3157894736842105, 0.7051282051282052,0.75, 0.32999799999999624, -0.09999799999999937, 0.27999899999999656, 41.099998, 41.279999, 4-9-2016
0.38461538461538464, 0.6511627906976745,0.730004000000001, 0.27999899999999656, 0.17000200000000376, -0.35000300000000095, 41.279999, 41.099998, 4-10-2016
0.2413793103448276, 0.6578947368421053,0.6099999999999994, -0.35000300000000095, -0.06999900000000281, 0.18000000000000682, 41.099998, 41.209999, 4-11-2016
0.13636363636363635, 0.5370370370370371,0.45999899999999627, 0.18000000000000682, 0.2700009999999935, 0.4299999999999997, 41.209999, 41.91, 4-12-2016
0.34782608695652173, 0.5972222222222222,0.5400009999999966, 0.4299999999999997, 0.04999900000000679, 0.7700009999999935, 41.91, 42.73, 4-13-2016
0.20833333333333334, 0.6103896103896104,1.1499980000000036, 0.7700009999999935, -0.07999799999999624, -0.09000100000000089, 42.73, 42.560001, 4-14-2016
0.22727272727272727, 0.5892857142857143,0.39999699999999905, -0.09000100000000089, 0.14000000000000057, 0.5999979999999994, 42.560001, 43.299999, 4-15-2016
0.32, 0.5694444444444444,0.8199990000000028, 0.5999979999999994, -0.2700000000000031, 0.020000000000003126, 43.299999, 43.049999, 4-16-2016
0.14285714285714285, 0.5849056603773585,0.42000199999999666, 0.020000000000003126, 0.030003000000000668, 0.2899969999999996, 43.049999, 43.369999, 4-17-2016
0.2608695652173913, 0.5844155844155844,0.5800020000000004, 0.2899969999999996, 0.010002000000000066, 0.14999799999999652, 43.369999, 43.529999, 4-18-2016
0.2, 0.6060606060606061,0.6800009999999972, 0.14999799999999652, -0.48999799999999993, 0.09000000000000341, 43.529999, 43.130001, 4-19-2016
0.3684210526315789, 0.6081081081081081,0.630001, 0.09000000000000341, -0.2999989999999997, -0.1400030000000001, 43.130001, 42.689999, 4-20-2016
0.14285714285714285, 0.5357142857142857,0.5400009999999966, -0.04999899999999968, -0.6399990000000031, 0.16999799999999965, 42.970001, 42.5, 5-1-2016
0.25, 0.6229508196721312,0.5600009999999997, 0.16999799999999965, -0.4599990000000034, -0.3199999999999932, 42.5, 41.720001, 5-2-2016
0.29411764705882354, 0.5666666666666667,0.8899999999999935, -0.3199999999999932, 0.09999899999999684, -0.16999799999999965, 41.720001, 41.650002, 5-3-2016
0.2222222222222222, 0.6376811594202898,0.4599990000000034, -0.16999799999999965, -0.24000200000000405, 0.36999899999999997, 41.650002, 41.779999, 5-4-2016
0.3333333333333333, 0.6129032258064516,0.45000000000000284, 0.36999899999999997, -0.16999799999999965, -0.07000000000000028, 41.779999, 41.540001, 5-5-2016
0.07142857142857142, 0.5423728813559322,0.5200000000000031, -0.07000000000000028, 0.20000100000000032, 0.3199990000000028, 41.540001, 42.060001, 5-6-2016
0.3076923076923077, 0.6266666666666667,0.5, 0.3199990000000028, -0.15999899999999911, -0.030003000000000668, 42.060001, 41.869999, 5-7-2016
0.30434782608695654, 0.6865671641791045,0.5100020000000001, -0.030003000000000668, 0.25, -0.17999999999999972, 41.869999, 41.939999, 5-8-2016
0.4, 0.6463414634146342,0.6099999999999994, -0.17999999999999972, -0.14999800000000363, -0.3600009999999969, 41.939999, 41.43, 5-9-2016
0.26666666666666666, 0.6764705882352942,0.880001, -0.3600009999999969, -0.18999800000000278, 0.4499970000000033, 41.43, 41.689999, 5-10-2016
0.3333333333333333, 0.6101694915254238,0.8400000000000034, 0.4499970000000033, -0.3099980000000002, -0.6599999999999966, 41.689999, 40.720001, 5-11-2016
0.14285714285714285, 0.5538461538461539,0.8599999999999994, -0.6599999999999966, 0.029998999999996556, 0.869999, 40.720001, 41.619999, 5-12-2016
0.375, 0.6818181818181818,1.0699990000000028, 0.869999, -0.21999699999999933, 0.11999800000000249, 41.619999, 41.52, 5-13-2016
0.2, 0.6282051282051282,0.6700020000000038, 0.11999800000000249, 0.2200019999999938, 0.0, 41.52, 41.740002, 5-14-2016
0.25, 0.6037735849056604,0.5600019999999972, 0.0, 0.00999800000000306, -0.09000000000000341, 41.740002, 41.66, 5-15-2016
0.24, 0.4594594594594595,0.4500010000000003, -0.09000000000000341, 0.34999800000000647, 0.2700009999999935, 41.66, 42.279999, 5-16-2016
0.16666666666666666, 0.6097560975609756,0.619999, 0.2700009999999935, 0.3000030000000038, 0.379997000000003, 42.279999, 42.959999, 5-17-2016
0.29411764705882354, 0.6363636363636364,0.7099999999999937, 0.379997000000003, -0.04999900000000679, -0.24000199999999694, 42.959999, 42.669998, 5-18-2016
0.21052631578947367, 0.7,0.45999899999999627, -0.24000199999999694, 0.1100009999999969, 0.17000200000000376, 42.669998, 42.950001, 5-19-2016
0.21052631578947367, 0.6129032258064516,0.3200000000000003, 0.17000200000000376, 0.20999899999999627, -0.3399999999999963, 42.950001, 42.82, 5-20-2016
0.42857142857142855, 0.6538461538461539,0.7299989999999994, 0.5499989999999997, -0.11999899999999997, 0.17999999999999972, 43.0, 43.060001, 6-1-2016
0.17391304347826086, 0.6153846153846154,0.39999699999999905, 0.17999999999999972, -0.7800020000000032, 0.09000000000000341, 43.060001, 42.369999, 6-2-2016
0.3, 0.6875,0.7399979999999999, 0.09000000000000341, 0.08000200000000035, 0.4299999999999997, 42.369999, 42.880001, 6-3-2016
0.22727272727272727, 0.7272727272727273,0.8400010000000009, 0.4299999999999997, 0.05999800000000022, -0.27999900000000366, 42.880001, 42.66, 6-4-2016
0.34782608695652173, 0.6296296296296297,0.3400000000000034, -0.27999900000000366, -0.020000999999993496, 0.17000199999999666, 42.66, 42.810001, 6-5-2016
0.09523809523809523, 0.632183908045977,0.379997000000003, 0.17000199999999666, -0.35000199999999637, 0.08000199999999325, 42.810001, 42.540001, 6-6-2016
0.2857142857142857, 0.6506024096385542,0.5500030000000038, 0.08000199999999325, -0.5100020000000001, -0.06999999999999318, 42.540001, 41.959999, 6-7-2016
0.38461538461538464, 0.6833333333333333,0.3500020000000035, -0.06999999999999318, -0.25, -0.02999900000000366, 41.959999, 41.68, 6-8-2016
0.19047619047619047, 0.6363636363636364,0.4500010000000003, -0.02999900000000366, -0.15000100000000316, -0.3399999999999963, 41.68, 41.189999, 6-9-2016
0.10344827586206896, 0.6025641025641025,0.8199990000000028, -0.3399999999999963, 0.06000099999999975, -0.22999999999999687, 41.189999, 41.02, 6-10-2016
0.20833333333333334, 0.6111111111111112,0.6399990000000031, -0.22999999999999687, -0.3699980000000025, 0.4099989999999991, 41.02, 41.060001, 6-11-2016
0.21052631578947367, 0.5777777777777777,0.7400019999999969, 0.4099989999999991, 0.0, 0.04999999999999716, 41.060001, 41.110001, 6-12-2016
0.3333333333333333, 0.5645161290322581,0.5299990000000037, 0.04999999999999716, 0.6399990000000031, -0.5299989999999966, 41.110001, 41.220001, 6-13-2016
0.28, 0.6533333333333333,0.8400000000000034, -0.5299989999999966, 0.25999899999999343, -0.1100009999999969, 41.220001, 41.369999, 6-14-2016
0.20833333333333334, 0.5483870967741935,0.41999799999999965, -0.1100009999999969, -0.0200010000000006, 0.0, 41.369999, 41.349998, 6-15-2016
0.43478260869565216, 0.6923076923076923,0.5499989999999997, 0.0, 0.5700000000000003, 0.3100019999999972, 41.349998, 42.23, 6-16-2016
0.10714285714285714, 0.55,0.3600009999999969, 0.3100019999999972, -2.0099989999999934, -0.36000000000000654, 42.23, 39.860001, 6-17-2016
0.25925925925925924, 0.589041095890411,1.2899969999999996, -0.36000000000000654, -0.630001, -0.5400009999999966, 39.860001, 38.689999, 6-18-2016
0.2222222222222222, 0.618421052631579,0.7699960000000061, -0.5400009999999966, 0.40000100000000316, -0.00999800000000306, 38.689999, 39.080002, 6-19-2016
0.29411764705882354, 0.6229508196721312,0.7400010000000066, -0.00999800000000306, 0.5099980000000031, 0.0899999999999963, 39.080002, 39.68, 6-20-2016
0.17391304347826086, 0.5555555555555556,0.6100009999999969, 0.0899999999999963, 0.29000100000000373, 0.3600009999999969, 39.68, 40.330002, 6-21-2016
0.25, 0.6619718309859155,0.34999800000000647, -0.09000100000000089, -0.3900030000000001, -0.6099969999999999, 40.060001, 39.060001, 7-1-2016
0.24, 0.6486486486486487,0.8799969999999959, -0.6099969999999999, -0.3300010000000029, 0.47000100000000344, 39.060001, 39.200001, 7-2-2016
0.23809523809523808, 0.5402298850574713,0.6899990000000003, 0.47000100000000344, -0.04000100000000373, 0.07000000000000028, 39.200001, 39.23, 7-3-2016
0.3333333333333333, 0.6463414634146342,0.5999989999999968, 0.07000000000000028, 0.6100000000000065, 0.25, 39.23, 40.09, 7-4-2016
0.22727272727272727, 0.6052631578947368,0.41999799999999965, 0.25, 0.3100019999999972, -0.10000300000000095, 40.09, 40.299999, 7-5-2016
0.17391304347826086, 0.5625,0.2899969999999996, -0.10000300000000095, 0.26000200000000007, 0.1099969999999999, 40.299999, 40.669998, 7-6-2016
0.4666666666666667, 0.6938775510204082,0.33000200000000035, 0.1099969999999999, 0.08000200000000035, -0.11999899999999997, 40.669998, 40.630001, 7-7-2016
0.125, 0.589041095890411,0.4300009999999972, -0.11999899999999997, 0.75, -0.13000100000000003, 40.630001, 41.25, 7-8-2016
0.42857142857142855, 0.5679012345679012,0.3400000000000034, -0.13000100000000003, 1.1500020000000006, -0.5100029999999975, 41.25, 41.889999, 7-9-2016
0.23809523809523808, 0.5882352941176471,1.0600009999999997, -0.5100029999999975, -0.15999900000000622, 0.15000100000000316, 41.889999, 41.880001, 7-10-2016
0.4, 0.6987951807228916,0.36000000000000654, 0.15000100000000316, -0.17000199999999666, 0.26000200000000007, 41.880001, 41.970001, 7-11-2016
0.15384615384615385, 0.6376811594202898,0.44000299999999726, 0.26000200000000007, 0.12999699999999592, -0.12999699999999592, 41.970001, 41.970001, 7-12-2016
0.17857142857142858, 0.625,0.25999799999999595, -0.12999699999999592, 0.0, -0.09000000000000341, 41.970001, 41.880001, 7-13-2016
0.3076923076923077, 0.7142857142857143,0.34999799999999937, -0.09000000000000341, 0.09999899999999684, 0.20999900000000338, 41.880001, 42.189999, 7-14-2016
0.3333333333333333, 0.703125,0.41999799999999965, 0.20999900000000338, -0.09000100000000089, -0.12999699999999592, 42.189999, 41.970001, 7-15-2016
0.25, 0.5774647887323944,0.3899990000000031, -0.12999699999999592, -0.15000100000000316, 0.15000100000000316, 41.970001, 41.970001, 7-16-2016
0.5625, 0.631578947368421,0.3800019999999975, 0.15000100000000316, -0.010002000000000066, 0.04999899999999968, 41.970001, 42.009998, 7-17-2016
0.2608695652173913, 0.6363636363636364,0.33000200000000035, 0.04999899999999968, -0.12999700000000303, 0.20000100000000032, 42.009998, 42.080002, 7-18-2016
0.29411764705882354, 0.5921052631578947,0.5, 0.20000100000000032, -0.1600040000000007, 0.25, 42.080002, 42.169998, 7-19-2016
0.25925925925925924, 0.5633802816901409,0.6100000000000065, -0.4700020000000009, -0.17000199999999666, -0.07999800000000334, 41.68, 41.43, 8-1-2016
0.45454545454545453, 0.5952380952380952,0.5499989999999997, -0.07999800000000334, 0.11999899999999997, 0.5800020000000004, 41.43, 42.130001, 8-2-2016
0.5714285714285714, 0.6451612903225806,0.7799989999999966, 0.5800020000000004, -0.10000200000000348, 0.0, 42.130001, 42.029999, 8-3-2016
0.25, 0.625,0.2999989999999997, 0.0, 0.6000020000000035, 0.3400000000000034, 42.029999, 42.970001, 8-4-2016
0.3076923076923077, 0.6206896551724138,0.6000020000000035, 0.3400000000000034, 0.020000999999993496, -0.05000299999999669, 42.970001, 42.939999, 8-5-2016
0.0, 0.5416666666666666,0.29000100000000373, -0.05000299999999669, 0.0, -0.1099969999999999, 42.939999, 42.830002, 8-6-2016
0.25, 0.7222222222222222,0.3199990000000028, -0.1099969999999999, 0.1099969999999999, -0.43999900000000025, 42.830002, 42.5, 8-7-2016
0.4, 0.6285714285714286,0.5500029999999967, -0.43999900000000025, 0.1599999999999966, 0.1600000000000037, 42.5, 42.82, 8-8-2016
0.2, 0.6521739130434783,0.5, 0.1600000000000037, -0.3400000000000034, 0.25, 42.82, 42.73, 8-9-2016
0.1111111111111111, 0.5777777777777777,0.38000100000000003, 0.25, 0.04000000000000625, 0.20999999999999375, 42.73, 42.98, 8-10-2016
0.0, 0.42424242424242425,0.2700009999999935, 0.20999999999999375, -0.23999799999999993, 0.2799980000000062, 42.98, 43.02, 8-11-2016
0.2, 0.6470588235294118,0.4099999999999966, 0.2799980000000062, 0.060001999999997224, 0.1399990000000031, 43.02, 43.220001, 8-12-2016
0.1, 0.5666666666666667,0.3600009999999969, 0.1399990000000031, -0.11000000000000654, 0.11000000000000654, 43.220001, 43.220001, 8-13-2016
0.0, 0.5588235294117647,0.25, 0.11000000000000654, -0.060001000000006854, 0.18999800000000278, 43.220001, 43.349998, 8-14-2016
0.09090909090909091, 0.5,0.40000199999999353, 0.18999800000000278, -0.14999699999999905, 0.16999799999999965, 43.349998, 43.369999, 8-15-2016
0.15384615384615385, 0.48484848484848486,0.23000400000000099, 0.16999799999999965, 0.08000200000000035, -0.010002000000000066, 43.369999, 43.439999, 8-16-2016
0.21428571428571427, 0.4772727272727273,0.22999999999999687, -0.010002000000000066, 0.06000099999999975, -0.25999800000000306, 43.439999, 43.240002, 8-17-2016
0.25, 0.6428571428571429,0.49000199999999694, -0.25999800000000306, 0.039996999999999616, 0.12000300000000408, 43.240002, 43.400002, 8-18-2016
0.25, 0.6111111111111112,0.2999989999999997, 0.12000300000000408, 0.04999899999999968, -0.04999899999999968, 43.400002, 43.400002, 8-19-2016
0.3333333333333333, 0.625,0.4400019999999998, -0.04999899999999968, 0.10999600000000243, 0.33000200000000035, 43.400002, 43.84, 8-20-2016
0.5, 0.6363636363636364,0.6000029999999938, 0.33000200000000035, -0.020000000000003126, 0.26000200000000007, 43.84, 44.080002, 8-21-2016
0.125, 0.6666666666666666,0.3199990000000028, 0.26000200000000007, 0.019995999999999015, 0.05000400000000127, 44.080002, 44.150002, 8-22-2016
0.2, 0.5757575757575758,0.5999980000000065, -0.22000100000000344, 0.17000200000000376, -0.04000100000000373, 44.029999, 44.16, 9-1-2016
0.14285714285714285, 0.5,0.29000100000000373, -0.04000100000000373, -0.04000099999999662, -0.25999800000000306, 44.16, 43.860001, 9-2-2016
0.3333333333333333, 0.6060606060606061,0.5699990000000028, -0.25999800000000306, -0.11999899999999997, -0.08000200000000035, 43.860001, 43.66, 9-3-2016
0.2222222222222222, 0.53125,0.31000099999999975, -0.08000200000000035, -0.029998999999996556, 0.20999900000000338, 43.66, 43.84, 9-4-2016
0.5, 0.5862068965517241,0.3599969999999999, 0.20999900000000338, 0.0, -0.4300000000000068, 43.84, 43.41, 9-5-2016
0.2, 0.6857142857142857,0.5499990000000068, -0.4300000000000068, -0.22000099999999634, 0.6099999999999994, 43.41, 43.799999, 9-6-2016
0.375, 0.6666666666666666,1.0799979999999962, 0.6099999999999994, -0.48999799999999993, -0.08000100000000288, 43.799999, 43.23, 9-7-2016
0.2857142857142857, 0.6551724137931034,0.5, -0.08000100000000288, -0.07000000000000028, -0.24000199999999694, 43.23, 42.919998, 9-8-2016
0.3, 0.6451612903225806,0.5700000000000003, -0.24000199999999694, -0.4799989999999994, 0.5899999999999963, 42.919998, 43.029999, 9-9-2016
0.125, 0.3902439024390244,0.9300009999999972, 0.5899999999999963, -0.2999989999999997, -0.1300019999999975, 43.029999, 42.599998, 9-10-2016
0.2, 0.6,0.38000100000000003, -0.1300019999999975, 0.14000399999999757, 0.11999899999999997, 42.599998, 42.860001, 9-11-2016
0.3333333333333333, 0.8,0.5499989999999997, 0.11999899999999997, 0.3199990000000028, -0.1599999999999966, 42.860001, 43.02, 9-12-2016
0.375, 0.625,0.4299999999999997, -0.1599999999999966, 0.22999999999999687, 0.00999800000000306, 43.02, 43.259998, 9-13-2016
0.2, 0.6470588235294118,0.45999899999999627, 0.00999800000000306, 0.1100009999999969, -0.20000100000000032, 43.259998, 43.169998, 9-14-2016
0.2857142857142857, 0.45714285714285713,0.4099999999999966, -0.20000100000000032, -0.41999799999999965, 0.20999900000000338, 43.169998, 42.959999, 9-15-2016
0.2857142857142857, 0.6486486486486487,0.5699990000000028, 0.20999900000000338, -0.2700000000000031, -0.2199979999999968, 42.959999, 42.470001, 9-16-2016
0.0, 0.6666666666666666,0.3799969999999959, -0.2199979999999968, -0.15000100000000316, 0.5800020000000004, 42.470001, 42.900002, 9-17-2016
0.25, 0.71875,0.75, 0.5800020000000004, -0.11000100000000401, 0.020000000000003126, 42.900002, 42.810001, 9-18-2016
0.45454545454545453, 0.6428571428571429,0.5900000000000034, 0.020000000000003126, -0.15000100000000316, -0.17999999999999972, 42.810001, 42.48, 9-19-2016
0.2727272727272727, 0.6744186046511628,0.8900039999999976, -0.17999999999999972, 0.22000100000000344, 0.18999800000000278, 42.48, 42.889999, 9-20-2016
0.4, 0.65625,0.36999899999999997, -0.02999900000000366, 0.08000200000000035, 0.10999600000000243, 42.66, 42.849998, 10-1-2016
0.3333333333333333, 0.6538461538461539,0.6400039999999976, 0.10999600000000243, 0.21000300000000038, 0.5900010000000009, 42.849998, 43.650002, 10-2-2016
0.2222222222222222, 0.6666666666666666,0.7900009999999966, 0.5900010000000009, 0.09999799999999937, 0.1399990000000031, 43.650002, 43.889999, 10-3-2016
0.14285714285714285, 0.5416666666666666,0.5499989999999997, 0.1399990000000031, 0.0, -0.18999800000000278, 43.889999, 43.700001, 10-4-2016
0.38095238095238093, 0.5348837209302325,0.5700000000000003, -0.18999800000000278, 0.21999699999999933, -0.11999899999999997, 43.700001, 43.799999, 10-5-2016
0.18181818181818182, 0.5402298850574713,0.3200039999999973, -0.11999899999999997, -0.00999800000000306, -0.5, 43.799999, 43.290001, 10-6-2016
0.25, 0.5555555555555556,0.7799990000000037, -0.5, 0.07000000000000028, 0.04000100000000373, 43.290001, 43.400002, 10-7-2016
0.15789473684210525, 0.6491228070175439,0.40000100000000316, 0.04000100000000373, -0.3900039999999976, -0.12999700000000303, 43.400002, 42.880001, 10-8-2016
0.05555555555555555, 0.6811594202898551,0.6399990000000031, -0.12999700000000303, 0.43999900000000025, -0.4700020000000009, 42.880001, 42.849998, 10-9-2016
0.2631578947368421, 0.6428571428571429,0.7199979999999968, -0.4700020000000009, 0.030003000000000668, -0.1599999999999966, 42.849998, 42.720001, 10-10-2016
0.3, 0.684931506849315,0.5499999999999972, -0.1599999999999966, 0.41999799999999965, -0.13000100000000003, 42.720001, 43.009998, 10-11-2016
0.47368421052631576, 0.6266666666666667,0.36999899999999997, -0.13000100000000003, 1.1800009999999972, -0.6099969999999999, 43.009998, 43.580002, 10-12-2016
0.2857142857142857, 0.6142857142857143,1.3400010000000009, -0.6099969999999999, 0.00999800000000306, 0.3600009999999969, 43.580002, 43.950001, 10-13-2016
0.09090909090909091, 0.65,0.5700000000000003, 0.3600009999999969, -0.3600009999999969, 0.25999799999999595, 43.950001, 43.849998, 10-14-2016
0.37037037037037035, 0.7311827956989247,0.3899990000000031, 0.25999799999999595, 0.23000400000000099, -0.060001999999997224, 43.849998, 44.02, 10-15-2016
0.10526315789473684, 0.5735294117647058,0.21000300000000038, -0.060001999999997224, -0.06000099999999975, -0.11999899999999997, 44.02, 43.84, 10-16-2016
0.23333333333333334, 0.55,0.3899990000000031, -0.11999899999999997, -0.11999899999999997, 0.5099989999999934, 43.84, 44.23, 10-17-2016
0.375, 0.6753246753246753,0.6699979999999996, 0.5099989999999934, 0.20000000000000284, 0.2700010000000006, 44.23, 44.700001, 10-18-2016
0.25, 0.5555555555555556,0.7599980000000031, 0.2700010000000006, 0.0899999999999963, -0.15000199999999353, 44.700001, 44.639999, 10-19-2016
0.1724137931034483, 0.5584415584415584,0.5200009999999935, -0.15000199999999353, 0.1800009999999972, -0.060001999999997224, 44.639999, 44.759998, 10-20-2016
0.1935483870967742, 0.5949367088607594,0.9000020000000006, -0.42000199999999666, -0.21999700000000644, -0.24000199999999694, 44.459999, 44.0, 11-1-2016
0.25, 0.6282051282051282,0.4100040000000007, -0.24000199999999694, 0.00999800000000306, 0.04000099999999662, 44.0, 44.049999, 11-2-2016
0.13793103448275862, 0.5972222222222222,0.5499999999999972, 0.04000099999999662, 0.10000300000000095, -0.22000200000000092, 44.049999, 43.93, 11-3-2016
0.2727272727272727, 0.631578947368421,0.5700000000000003, -0.22000200000000092, 0.7299999999999969, 0.25999800000000306, 43.93, 44.919998, 11-4-2016
0.36363636363636365, 0.6794871794871795,0.2799979999999991, 0.25999800000000306, -0.1399990000000031, 0.20000100000000032, 44.919998, 44.98, 11-5-2016
0.28, 0.5974025974025974,0.5, 0.20000100000000032, 0.47000100000000344, 1.2199969999999993, 44.98, 46.669998, 11-6-2016
0.09523809523809523, 0.5538461538461539,1.7999989999999997, 1.2199969999999993, 0.38000100000000003, 0.5600019999999972, 46.669998, 47.610001, 11-7-2016
0.2857142857142857, 0.6865671641791045,1.5200000000000031, 0.5600019999999972, -0.04000099999999662, 0.33000200000000035, 47.610001, 47.900002, 11-8-2016
0.23529411764705882, 0.6825396825396826,0.5299990000000037, 0.33000200000000035, 0.16999799999999965, 0.6599999999999966, 47.900002, 48.73, 11-9-2016
0.4117647058823529, 0.6216216216216216,0.9399990000000003, 0.6599999999999966, -0.4700019999999938, 0.44000299999999726, 48.73, 48.700001, 11-10-2016
0.07142857142857142, 0.6097560975609756,0.6899990000000003, 0.44000299999999726, -1.110000999999997, 0.27999899999999656, 48.700001, 47.869999, 11-11-2016
0.23809523809523808, 0.6379310344827587,0.7999989999999997, 0.27999899999999656, 0.2299989999999994, 0.5800020000000004, 47.869999, 48.68, 11-12-2016
0.25, 0.6595744680851063,0.7900000000000063, 0.5800020000000004, 0.060001999999997224, 0.48999799999999993, 48.68, 49.23, 11-13-2016
0.2608695652173913, 0.47368421052631576,0.740002000000004, 0.48999799999999993, 0.09000000000000341, -0.04000100000000373, 49.23, 49.279999, 11-14-2016
0.16, 0.5087719298245614,0.38000100000000003, -0.04000100000000373, -0.00999899999999343, -0.24000100000000657, 49.279999, 49.029999, 11-15-2016
0.19047619047619047, 0.6883116883116883,0.7999999999999972, -0.24000100000000657, 0.2700000000000031, 0.04999899999999968, 49.029999, 49.349998, 11-16-2016
0.23333333333333334, 0.5760869565217391,0.41999799999999965, 0.04999899999999968, 0.010002999999997542, 0.05999700000000274, 49.349998, 49.419998, 11-17-2016
0.2777777777777778, 0.7012987012987013,0.38000100000000003, 0.05999700000000274, -0.27999899999999656, -0.23999700000000246, 49.419998, 48.900002, 11-18-2016
0.23809523809523808, 0.7066666666666667,0.6700020000000038, -0.23999700000000246, 0.21999699999999933, -0.0200010000000006, 48.900002, 49.099998, 11-19-2016
0.25, 0.6111111111111112,0.3399999999999963, -0.0200010000000006, 0.4700020000000009, 0.04999899999999968, 49.099998, 49.619999, 11-20-2016
0.23809523809523808, 0.5866666666666667,0.9899979999999999, 0.5799980000000033, -0.04000100000000373, -0.34999799999999937, 50.389999, 50.0, 12-1-2016
0.3157894736842105, 0.6956521739130435,0.5799979999999962, -0.34999799999999937, 0.4099999999999966, -0.04999899999999968, 50.0, 50.360001, 12-2-2016
0.19047619047619047, 0.6285714285714286,0.4400019999999998, -0.04999899999999968, 0.16999799999999965, 0.20000100000000032, 50.360001, 50.73, 12-3-2016
0.08333333333333333, 0.4857142857142857,0.5400000000000063, 0.20000100000000032, 0.010002000000000066, 0.619999, 50.73, 51.360001, 12-4-2016
0.2, 0.625,0.9100000000000037, 0.619999, 0.20000000000000284, 0.3400010000000009, 51.360001, 51.900002, 12-5-2016
0.4, 0.5842696629213483,0.7299999999999969, 0.3400010000000009, 0.0, 0.139998999999996, 51.900002, 52.040001, 12-6-2016
0.21739130434782608, 0.581081081081081,0.49000199999999694, 0.139998999999996, -0.15000199999999353, -0.30999700000000274, 52.040001, 51.580002, 12-7-2016
0.3181818181818182, 0.6027397260273972,0.649996999999999, -0.30999700000000274, 0.14999799999999652, -0.029998999999996556, 51.580002, 51.700001, 12-8-2016
0.24242424242424243, 0.6363636363636364,0.7299989999999994, -0.029998999999996556, -0.39000000000000057, 0.4199989999999971, 51.700001, 51.73, 12-9-2016
0.12, 0.5324675324675324,1.1099999999999994, 0.4199989999999971, 0.24000100000000657, 0.00999899999999343, 51.73, 51.98, 12-10-2016
0.2222222222222222, 0.6162790697674418,0.8300010000000029, 0.00999899999999343, 0.25, -0.48999799999999993, 51.98, 51.740002, 12-11-2016
0.391304347826087, 0.5466666666666666,0.619999, -0.48999799999999993, -0.15000199999999353, 0.27999899999999656, 51.740002, 51.869999, 12-12-2016
0.2727272727272727, 0.6140350877192983,0.5999989999999968, 0.27999899999999656, 0.26000200000000007, 0.4099999999999966, 51.869999, 52.540001, 12-13-2016
0.16666666666666666, 0.4939759036144578,0.619999, 0.4099999999999966, -0.06999999999999318, -0.3000030000000038, 52.540001, 52.169998, 12-14-2016
0.21739130434782608, 0.6144578313253012,0.33000200000000035, -0.3000030000000038, -0.1799960000000027, 0.1600000000000037, 52.169998, 52.150002, 12-15-2016
0.08695652173913043, 0.5909090909090909,0.3099979999999931, 0.1600000000000037, 0.139998999999996, -0.0899999999999963, 52.150002, 52.200001, 12-16-2016
0.3333333333333333, 0.703125,0.26000200000000007, -0.0899999999999963, 0.13000100000000003, -0.0200010000000006, 52.200001, 52.310001, 12-17-2016
0.3157894736842105, 0.6231884057971014,0.18999800000000278, -0.0200010000000006, -0.19000199999999978, -0.3400000000000034, 52.310001, 51.779999, 12-18-2016
0.35714285714285715, 0.5873015873015873,0.4799990000000065, -0.3400000000000034, -0.029998999999996556, -0.4500010000000003, 51.779999, 51.299999, 12-19-2016
0.14285714285714285, 0.6060606060606061,0.8299980000000033, -0.4500010000000003, 0.20000100000000032, -0.13000100000000003, 51.299999, 51.369999, 12-20-2016
