0.740000000000002, -0.1000009999999989, 0.2799990000000001, 0.5400010000000002, 1-1-2007
0.770000999999997, 0.5400010000000002, -0.08000000000000185, 0.010000000000001563, 1-2-2007
0.389999999999997, 0.010000000000001563, 0.14999999999999858, -0.23999999999999844, 1-3-2007
0.38999899999999954, -0.23999999999999844, 0.16999999999999815, -0.1499990000000011, 1-4-2007
0.34999799999999937, -0.1499990000000011, 0.059999000000001246, 0.4299999999999997, 1-5-2007
0.5899999999999999, 0.4299999999999997, 0.09000100000000089, 0.30999900000000125, 1-6-2007
1.019998000000001, 0.30999900000000125, -0.12999900000000153, 0.33999800000000135, 1-7-2007
0.5299990000000001, 0.33999800000000135, -0.02999900000000011, 0.19999899999999826, 1-8-2007
0.5199980000000011, 0.19999899999999826, -1.0499989999999997, -0.20999899999999982, 1-9-2007
0.7199990000000014, -0.20999899999999982, -0.15000200000000063, -0.23999900000000096, 1-10-2007
0.3999999999999986, -0.23999900000000096, -0.02999900000000011, 0.19999900000000181, 1-11-2007
0.27000099999999705, 0.19999900000000181, 0.10000000000000142, -0.12999900000000153, 1-12-2007
0.370000000000001, -0.12999900000000153, 0.059999000000001246, -0.30000100000000174, 1-13-2007
0.4200000000000017, -0.30000100000000174, 0.05000100000000174, 0.23999999999999844, 1-14-2007
0.30999900000000125, 0.23999999999999844, 0.030000999999998612, -0.27000099999999705, 1-15-2007
0.44000099999999875, -0.27000099999999705, 0.09000099999999733, -0.16000000000000014, 1-16-2007
0.389999999999997, -0.16000000000000014, 0.26999800000000107, 0.08999999999999986, 1-17-2007
0.4399979999999992, 0.08999999999999986, 0.20000100000000032, -0.16000000000000014, 1-18-2007
0.30999900000000125, -0.16000000000000014, 0.02999900000000011, 0.0, 1-19-2007
0.3299990000000008, 0.0, 0.0200010000000006, 0.13000100000000003, 1-20-2007
0.26999800000000107, 0.13000100000000003, 0.02999799999999908, 0.09000100000000089, 2-1-2007
0.2199990000000014, 0.09000100000000089, -0.010000999999999038, 0.060001999999997224, 2-2-2007
0.23999999999999844, 0.060001999999997224, 0.08999999999999986, -0.060001999999997224, 2-3-2007
0.41000000000000014, -0.060001999999997224, 0.07000000000000028, 0.13000100000000003, 2-4-2007
0.43000000000000327, 0.13000100000000003, -0.21000100000000188, 0.06000200000000078, 2-5-2007
0.240000000000002, 0.06000200000000078, 0.059999000000001246, -0.3899990000000031, 2-6-2007
0.6200009999999985, -0.3899990000000031, -0.1000009999999989, -0.13000100000000003, 2-7-2007
0.23000000000000043, -0.13000100000000003, 0.08999999999999986, -0.01999800000000107, 2-8-2007
0.25, -0.01999800000000107, 0.08999800000000135, 0.17999999999999972, 2-9-2007
0.35999800000000093, 0.17999999999999972, 0.07000000000000028, 0.10000000000000142, 2-10-2007
0.2200009999999999, 0.10000000000000142, -0.04999899999999968, -0.030000000000001137, 2-11-2007
0.25, -0.030000000000001137, -0.17000099999999918, 0.12000099999999847, 2-12-2007
0.4200000000000017, 0.12000099999999847, -0.21000099999999833, -0.08999999999999986, 2-13-2007
0.259999999999998, -0.08999999999999986, 0.12000099999999847, -0.030000999999998612, 2-14-2007
0.28999900000000167, -0.030000999999998612, -0.1399990000000031, -0.06999999999999673, 2-15-2007
0.25, -0.06999999999999673, 0.04999899999999968, 0.040001000000000175, 2-16-2007
0.4800000000000004, 0.040001000000000175, -0.360000000000003, -0.4599989999999998, 2-17-2007
0.5899999999999999, -0.4599989999999998, 0.01999800000000107, -0.18999799999999922, 2-18-2007
0.40000200000000063, -0.18999799999999922, -0.3400010000000009, 0.07000000000000028, 2-19-2007
0.4599989999999998, 0.07000000000000028, -0.0799999999999983, -0.2900010000000002, 3-1-2007
0.3999990000000011, -0.2900010000000002, -0.23999900000000096, 0.13000100000000003, 3-2-2007
0.5599990000000012, 0.13000100000000003, 0.2299989999999994, 0.05999999999999872, 3-3-2007
0.25, 0.05999999999999872, -0.03999899999999812, -0.240000000000002, 3-4-2007
0.370001000000002, -0.240000000000002, 0.16000000000000014, -0.050000999999998186, 3-5-2007
0.16000000000000014, -0.050000999999998186, 0.13000100000000003, -0.26000099999999904, 3-6-2007
0.370001000000002, -0.26000099999999904, 0.010000999999999038, 0.36999899999999997, 3-7-2007
0.5499989999999997, 0.36999899999999997, -0.18999900000000025, -0.1700000000000017, 3-8-2007
0.36999899999999997, -0.1700000000000017, 0.07000000000000028, 0.03999900000000167, 3-9-2007
0.2800009999999986, 0.03999900000000167, -0.0200010000000006, -0.07000000000000028, 3-10-2007
0.2899989999999981, -0.07000000000000028, 0.010000999999999038, 0.0, 3-11-2007
0.1700000000000017, 0.0, 0.05000100000000174, -0.08999999999999986, 3-12-2007
0.3299999999999983, -0.08999999999999986, -0.07000000000000028, -0.05000100000000174, 3-13-2007
0.20999899999999982, -0.05000100000000174, 0.059999000000001246, 0.2900010000000002, 3-14-2007
0.4500010000000003, 0.2900010000000002, -0.10000000000000142, -0.0799999999999983, 3-15-2007
0.1999980000000008, -0.0799999999999983, 0.030000999999998612, 0.07999900000000082, 3-16-2007
0.20000100000000032, 0.07999900000000082, -0.00999999999999801, 0.030000999999998612, 3-17-2007
0.2900010000000002, 0.030000999999998612, -0.040001000000000175, -0.19000099999999875, 3-18-2007
0.2299989999999994, -0.19000099999999875, -0.07999900000000082, -0.11999899999999997, 3-19-2007
0.18999799999999922, -0.11999899999999997, 0.1499990000000011, 0.0799999999999983, 3-20-2007
0.3500000000000014, 0.0799999999999983, -0.010000000000001563, 0.049999000000003235, 3-21-2007
0.28000000000000114, 0.049999000000003235, 0.02000099999999705, -0.02000099999999705, 3-22-2007
0.20999899999999982, -0.02000099999999705, 0.08999999999999986, 0.08999999999999986, 4-1-2007
0.20999899999999982, 0.08999999999999986, 0.040001000000000175, 0.02999900000000011, 4-2-2007
0.21000099999999833, 0.02999900000000011, -0.08999800000000135, 0.2899989999999981, 4-3-2007
0.31999999999999673, 0.2899989999999981, 0.29999900000000324, 0.2200009999999999, 4-4-2007
0.389999999999997, 0.2200009999999999, 0.0, 0.5799999999999983, 4-5-2007
0.6699999999999982, 0.5799999999999983, -0.08999999999999986, -0.12000099999999847, 4-6-2007
0.3099999999999987, -0.12000099999999847, -0.08999999999999986, 0.12000099999999847, 4-7-2007
0.2999989999999997, 0.12000099999999847, -0.08999999999999986, 0.04999899999999968, 4-8-2007
0.23000000000000043, 0.04999899999999968, -0.04999899999999968, 0.2800009999999986, 4-9-2007
0.3400010000000009, 0.2800009999999986, -0.02000099999999705, 0.3099999999999987, 4-10-2007
0.33999999999999986, 0.3099999999999987, 0.33999999999999986, 0.030000000000001137, 4-11-2007
0.4800000000000004, 0.030000000000001137, -0.19000000000000128, 0.6499990000000011, 4-12-2007
0.760000999999999, 0.6499990000000011, 0.23999999999999844, 0.11000100000000046, 4-13-2007
0.5400010000000002, 0.11000100000000046, -0.12999900000000153, -0.12000099999999847, 4-14-2007
0.33999800000000135, -0.12000099999999847, 0.040001000000000175, -0.010000000000001563, 4-15-2007
0.3500000000000014, -0.010000000000001563, 0.04999899999999968, 0.2700000000000031, 4-16-2007
0.5, 0.2700000000000031, -0.13000100000000003, -0.03999900000000167, 4-17-2007
0.2199990000000014, -0.03999900000000167, -0.16999999999999815, -0.049999000000003235, 4-18-2007
0.2699999999999996, -0.049999000000003235, -0.08999999999999986, -0.2800009999999986, 4-19-2007
0.370000000000001, -0.2800009999999986, 0.059999000000001246, 0.23999999999999844, 4-20-2007
0.379998999999998, 0.23999999999999844, 0.010000000000001563, 0.12000099999999847, 5-1-2007
0.3200000000000003, 0.12000099999999847, 0.18000100000000074, -0.370001000000002, 5-2-2007
0.4200000000000017, -0.370001000000002, 0.21000100000000188, -0.05000100000000174, 5-3-2007
0.21000099999999833, -0.05000100000000174, 0.020000000000003126, 0.03999899999999812, 5-4-2007
0.2799990000000001, 0.03999899999999812, 0.0200010000000006, 0.16999999999999815, 5-5-2007
0.40000200000000063, 0.16999999999999815, -0.1099989999999984, 0.4299980000000012, 5-6-2007
0.5599990000000012, 0.4299980000000012, -0.10999800000000093, -0.15000200000000063, 5-7-2007
0.6500020000000006, -0.15000200000000063, 0.11000100000000046, -0.03999900000000167, 5-8-2007
0.26000099999999904, -0.03999900000000167, 0.08000000000000185, -0.240000000000002, 5-9-2007
0.4500010000000003, -0.240000000000002, -0.040001000000000175, -0.06999999999999673, 5-10-2007
0.4600010000000019, -0.06999999999999673, 0.03999899999999812, 0.13000100000000003, 5-11-2007
0.3299999999999983, 0.13000100000000003, 0.11999899999999997, -0.06999899999999926, 5-12-2007
0.2799990000000001, -0.06999899999999926, 0.46000099999999833, 0.010000000000001563, 5-13-2007
0.23999999999999844, 0.010000000000001563, 0.0, -0.07000199999999879, 5-14-2007
0.35999800000000093, -0.07000199999999879, 0.259999999999998, 0.1000009999999989, 5-15-2007
0.38999899999999954, 0.1000009999999989, 0.0, -0.31999999999999673, 5-16-2007
0.48999900000000096, -0.31999999999999673, 0.04999899999999968, -0.75, 5-17-2007
0.9299999999999997, -0.75, 0.15000199999999708, 0.03999900000000167, 5-18-2007
0.2599979999999995, 0.03999900000000167, 0.010000000000001563, 0.12999899999999798, 5-19-2007
0.30999900000000125, 0.12999899999999798, -0.2299989999999994, 0.00999999999999801, 5-20-2007
0.44999899999999826, 0.00999999999999801, 0.059999000000001246, 0.040001000000000175, 5-21-2007
0.27000099999999705, 0.040001000000000175, 0.16000000000000014, 0.0200010000000006, 5-22-2007
0.28000000000000114, 0.0200010000000006, -0.12000100000000202, -0.0799999999999983, 6-1-2007
0.4200000000000017, -0.0799999999999983, -0.03999900000000167, -0.16000199999999865, 6-2-2007
0.379998999999998, -0.16000199999999865, -0.0799999999999983, -0.3899990000000031, 6-3-2007
0.5100000000000016, -0.3899990000000031, -0.16999999999999815, -0.010000999999999038, 6-4-2007
0.33999800000000135, -0.010000999999999038, 0.14000199999999907, 0.379998999999998, 6-5-2007
0.5299990000000001, 0.379998999999998, -0.0799999999999983, 0.17999999999999972, 6-6-2007
0.38999899999999954, 0.17999999999999972, -0.06999899999999926, 0.33999999999999986, 6-7-2007
0.6600000000000001, 0.33999999999999986, 0.06999899999999926, 0.40000000000000213, 6-8-2007
0.6799980000000012, 0.40000000000000213, -0.030001000000002165, 0.5900010000000009, 6-9-2007
0.9000019999999971, 0.5900010000000009, 0.75, 0.259999999999998, 6-10-2007
0.4500010000000003, 0.259999999999998, -0.05999999999999872, -0.00999999999999801, 6-11-2007
0.5, -0.00999999999999801, -0.12999900000000153, 0.059999000000001246, 6-12-2007
0.4900020000000005, 0.059999000000001246, 0.11999899999999997, -0.27999800000000263, 6-13-2007
0.45000000000000284, -0.27999800000000263, -0.07000000000000028, 0.4200000000000017, 6-14-2007
0.5899980000000014, 0.4200000000000017, -0.10000000000000142, -0.48999999999999844, 6-15-2007
0.5399990000000017, -0.48999999999999844, 0.04999899999999968, -0.2699999999999996, 6-16-2007
0.5899999999999999, -0.2699999999999996, 0.09999999999999787, -0.20000099999999676, 6-17-2007
0.37999900000000153, -0.20000099999999676, -0.08999800000000135, 0.5, 6-18-2007
0.5699990000000028, 0.5, 0.33999800000000135, -0.20999899999999982, 6-19-2007
0.30999900000000125, -0.20999899999999982, 0.03999899999999812, -0.2199990000000014, 6-20-2007
0.6700000000000017, -0.2199990000000014, 0.1399990000000031, 0.39000099999999804, 6-21-2007
0.4399979999999992, 0.39000099999999804, 0.03999900000000167, 0.2800009999999986, 7-1-2007
0.33999999999999986, 0.2800009999999986, -0.10999999999999943, 0.120000000000001, 7-2-2007
0.26000099999999904, 0.120000000000001, -0.08000000000000185, 0.16000000000000014, 7-3-2007
0.33999999999999986, 0.16000000000000014, 0.12999900000000153, 0.14999999999999858, 7-4-2007
0.2299989999999994, 0.14999999999999858, -0.1799980000000012, 0.18999800000000278, 7-5-2007
0.4299999999999997, 0.18999800000000278, -0.1499990000000011, -0.25, 7-6-2007
0.44999899999999826, -0.25, 0.17999999999999972, 1.25, 7-7-2007
1.4299999999999997, 1.25, -0.20000100000000032, 0.1700000000000017, 7-8-2007
0.3200000000000003, 0.1700000000000017, -0.03999900000000167, 0.0200010000000006, 7-9-2007
0.21000100000000188, 0.0200010000000006, 0.10999800000000093, 0.27000099999999705, 7-10-2007
0.5399999999999991, 0.27000099999999705, -1.3700009999999985, 0.10000000000000142, 7-11-2007
0.5300009999999986, 0.10000000000000142, 0.07000000000000028, 0.13000100000000003, 7-12-2007
0.23000000000000043, 0.13000100000000003, 0.02000099999999705, -0.7300019999999989, 7-13-2007
0.8199989999999993, -0.7300019999999989, 0.07000199999999879, 0.09999800000000292, 7-14-2007
0.3999990000000011, 0.09999800000000292, -0.30999900000000125, 0.12000099999999847, 7-15-2007
0.48999999999999844, 0.12000099999999847, 0.1499990000000011, -0.17999999999999972, 7-16-2007
0.3499980000000029, -0.17999999999999972, -0.16000000000000014, -0.33999999999999986, 7-17-2007
0.8100019999999972, -0.33999999999999986, -0.11000100000000046, -0.34999799999999937, 7-18-2007
0.5199980000000011, -0.34999799999999937, 0.0799999999999983, 0.22999900000000295, 7-19-2007
0.6000009999999989, 0.22999900000000295, 0.25, -0.47999900000000295, 7-20-2007
0.5899999999999999, -0.47999900000000295, -0.060001999999997224, 0.23999999999999844, 7-21-2007
0.7399999999999984, 0.23999999999999844, -0.02999900000000011, 0.5299990000000001, 8-1-2007
0.8399999999999999, 0.5299990000000001, -0.02999900000000011, -0.35999999999999943, 8-2-2007
0.6100009999999969, -0.35999999999999943, 0.13999899999999954, 0.08000000000000185, 8-3-2007
0.4200000000000017, 0.08000000000000185, -0.08999800000000135, 0.08999800000000135, 8-4-2007
0.5700000000000003, 0.08999800000000135, 0.20000099999999676, 0.3500000000000014, 8-5-2007
0.5899999999999999, 0.3500000000000014, -0.35999999999999943, -0.3999999999999986, 8-6-2007
0.8199999999999967, -0.3999999999999986, -0.07000000000000028, 0.129999999999999, 8-7-2007
0.8399999999999999, 0.129999999999999, 0.21000099999999833, -0.17000099999999918, 8-8-2007
0.36000100000000046, -0.17000099999999918, 0.03999900000000167, -0.26000000000000156, 8-9-2007
0.5999980000000029, -0.26000000000000156, -0.01999800000000107, -0.5600019999999972, 8-10-2007
0.7800009999999986, -0.5600019999999972, 0.010000999999999038, -0.129999999999999, 8-11-2007
1.5, -0.129999999999999, 0.7999999999999972, -0.19999899999999826, 8-12-2007
0.6600000000000001, -0.19999899999999826, 0.09999799999999937, 0.3100020000000008, 8-13-2007
0.630001, 0.3100020000000008, -0.20000100000000032, -0.0200010000000006, 8-14-2007
0.33999999999999986, -0.0200010000000006, 0.21000100000000188, 0.04999999999999716, 8-15-2007
0.26000000000000156, 0.04999999999999716, 0.1400010000000016, -0.06000099999999975, 8-16-2007
0.3200000000000003, -0.06000099999999975, -0.03999900000000167, 0.6000000000000014, 8-17-2007
0.8099990000000012, 0.6000000000000014, -0.08000200000000035, -0.2599979999999995, 8-18-2007
0.33999800000000135, -0.2599979999999995, -0.20000100000000032, -0.2900010000000002, 8-19-2007
0.5800000000000018, -0.2900010000000002, 0.33000200000000035, 0.7999989999999997, 8-20-2007
0.9800019999999989, 0.7999989999999997, -0.17999999999999972, 0.37000099999999847, 8-21-2007
0.7300019999999989, 0.37000099999999847, 0.27999800000000263, 0.19000099999999875, 8-22-2007
0.26999800000000107, 0.19000099999999875, 0.07000000000000028, 0.35999999999999943, 8-23-2007
0.6799999999999997, 0.35999999999999943, -0.19000000000000128, 0.0, 9-1-2007
0.41000000000000014, 0.0, 0.030000000000001137, 0.129999999999999, 9-2-2007
0.3500009999999989, 0.129999999999999, -0.4599989999999998, -0.22000199999999737, 9-3-2007
0.4799999999999969, -0.22000199999999737, 0.4500010000000003, -0.5700000000000003, 9-4-2007
0.979999000000003, -0.5700000000000003, 0.16000000000000014, 0.14999999999999858, 9-5-2007
0.629998999999998, 0.14999999999999858, -0.14999999999999858, -0.05000100000000174, 9-6-2007
0.5200000000000031, -0.05000100000000174, 0.11000100000000046, -0.21999999999999886, 9-7-2007
0.38999899999999954, -0.21999999999999886, -0.40999900000000267, -0.010000999999999038, 9-8-2007
0.5900009999999973, -0.010000999999999038, -0.059999000000001246, -0.02000099999999705, 9-9-2007
0.31999999999999673, -0.02000099999999705, 0.1000009999999989, 0.4599989999999998, 9-10-2007
0.6000009999999989, 0.4599989999999998, 0.2199990000000014, 0.050000999999998186, 9-11-2007
0.3500009999999989, 0.050000999999998186, -0.16999999999999815, 0.2999989999999997, 9-12-2007
0.4799989999999994, 0.2999989999999997, 0.20000100000000032, -0.1399990000000031, 9-13-2007
0.2899989999999981, -0.1399990000000031, 0.10999900000000196, 0.0, 9-14-2007
0.41999999999999815, 0.0, -0.15000000000000213, 0.059999000000001246, 9-15-2007
0.41000000000000014, 0.059999000000001246, 0.09000100000000089, -0.07000000000000028, 9-16-2007
0.5600020000000008, -0.07000000000000028, 0.17999999999999972, -0.3299999999999983, 9-17-2007
0.3999990000000011, -0.3299999999999983, -0.040001000000000175, 0.14000199999999907, 9-18-2007
0.34999999999999787, 0.14000199999999907, 0.17999999999999972, 0.3299999999999983, 9-19-2007
0.6899979999999992, 0.3299999999999983, -0.08999999999999986, 0.09999800000000292, 10-1-2007
0.41999999999999815, 0.09999800000000292, -0.490000000000002, -0.0799999999999983, 10-2-2007
0.4799989999999994, -0.0799999999999983, -0.010000000000001563, -0.19999899999999826, 10-3-2007
0.4599989999999998, -0.19999899999999826, 0.19999899999999826, -0.2599979999999995, 10-4-2007
0.4500010000000003, -0.2599979999999995, -0.040001000000000175, 0.16000000000000014, 10-5-2007
0.2900010000000002, 0.16000000000000014, 0.019999999999999574, 0.16000000000000014, 10-6-2007
0.3100020000000008, 0.16000000000000014, 0.03999900000000167, 0.0, 10-7-2007
0.3000009999999982, 0.0, -0.00999800000000306, -0.44000099999999875, 10-8-2007
1.0199999999999996, -0.44000099999999875, 0.1700000000000017, -0.05000100000000174, 10-9-2007
0.3500000000000014, -0.05000100000000174, 0.08999999999999986, 0.11000100000000046, 10-10-2007
0.5, 0.11000100000000046, -0.030000999999998612, -0.23999900000000096, 10-11-2007
0.7100000000000009, -0.23999900000000096, 1.3100009999999997, -0.07000199999999879, 10-12-2007
0.7300000000000004, -0.07000199999999879, -0.20999899999999982, 0.4599989999999998, 10-13-2007
0.510000999999999, 0.4599989999999998, -0.12999900000000153, -0.5400010000000002, 10-14-2007
0.5800000000000018, -0.5400010000000002, -0.34999799999999937, 0.6899979999999992, 10-15-2007
0.8400009999999973, 0.6899979999999992, -0.01999800000000107, 0.1799980000000012, 10-16-2007
0.6600000000000001, 0.1799980000000012, -0.4699990000000014, -0.31999999999999673, 10-17-2007
0.9299999999999997, -0.31999999999999673, 0.16999999999999815, -0.2900010000000002, 10-18-2007
0.7199990000000014, -0.2900010000000002, 0.370001000000002, -0.3199990000000028, 10-19-2007
0.6700000000000017, -0.3199990000000028, 0.10999800000000093, 0.21000100000000188, 10-20-2007
0.3500000000000014, 0.21000100000000188, -0.1499990000000011, 0.15999899999999911, 10-21-2007
0.27000099999999705, 0.15999899999999911, 0.1000009999999989, 0.5299990000000001, 10-22-2007
0.5499999999999972, 0.5299990000000001, -0.19999899999999826, -0.20000100000000032, 10-23-2007
0.5799999999999983, -0.20000100000000032, 0.25, 0.04999899999999968, 11-1-2007
0.5599990000000012, 0.04999899999999968, -0.2199990000000014, 0.26000000000000156, 11-2-2007
0.5899999999999999, 0.26000000000000156, 0.11999899999999997, 0.5300009999999986, 11-3-2007
0.5600009999999997, 0.5300009999999986, -0.25, -0.33999999999999986, 11-4-2007
0.6700000000000017, -0.33999999999999986, -0.010000999999999038, -0.9599989999999998, 11-5-2007
1.6799980000000012, -0.9599989999999998, -0.5699989999999993, -0.21000100000000188, 11-6-2007
0.6499999999999986, -0.21000100000000188, 0.26000000000000156, -0.03999900000000167, 11-7-2007
0.46999999999999886, -0.03999900000000167, 0.2199990000000014, 0.5499989999999997, 11-8-2007
0.8499979999999994, 0.5499989999999997, 0.36000100000000046, -0.6499999999999986, 11-9-2007
0.75, -0.6499999999999986, -0.010000000000001563, -0.30999900000000125, 11-10-2007
0.7799980000000026, -0.30999900000000125, 0.0, -0.02000099999999705, 11-11-2007
0.6100009999999969, -0.02000099999999705, -0.059999000000001246, -0.2800009999999986, 11-12-2007
0.5, -0.2800009999999986, 0.17999999999999972, 0.16999999999999815, 11-13-2007
0.8399999999999999, 0.16999999999999815, -0.28999999999999915, -0.6000009999999989, 11-14-2007
0.75, -0.6000009999999989, 0.15000199999999708, 0.28999900000000167, 11-15-2007
0.5500010000000017, 0.28999900000000167, -0.02999900000000011, -0.6700000000000017, 11-16-2007
1.0, -0.6700000000000017, 0.37999900000000153, 0.36000100000000046, 11-17-2007
0.6700000000000017, 0.36000100000000046, 0.4299999999999997, 0.6499999999999986, 11-18-2007
0.8099990000000012, 0.6499999999999986, -0.12000099999999847, 0.2699999999999996, 11-19-2007
0.4599989999999998, 0.2699999999999996, 0.3200000000000003, -0.5800000000000018, 11-20-2007
0.9400009999999988, -0.5800000000000018, -0.04999899999999968, 0.2199990000000014, 11-21-2007
0.770000999999997, 0.2199990000000014, -0.41000000000000014, 0.4699990000000014, 12-1-2007
0.6900000000000013, 0.4699990000000014, 0.5799999999999983, 0.33000000000000185, 12-2-2007
0.5700000000000003, 0.33000000000000185, 0.0, 0.760000999999999, 12-3-2007
0.8199999999999967, 0.760000999999999, -0.21000000000000085, -0.03999999999999915, 12-4-2007
0.3299999999999983, -0.03999999999999915, -0.17000099999999918, 0.22000199999999737, 12-5-2007
0.6299990000000015, 0.22000199999999737, 0.010000000000001563, -0.8600010000000005, 12-6-2007
0.9100000000000001, -0.8600010000000005, 0.5, -0.1499990000000011, 12-7-2007
0.8300000000000018, -0.1499990000000011, -0.3000009999999982, 0.17999999999999972, 12-8-2007
0.6900009999999988, 0.17999999999999972, -0.33999999999999986, -0.5299990000000001, 12-9-2007
0.6499990000000011, -0.5299990000000001, -0.06000099999999975, -0.510000999999999, 12-10-2007
0.9000019999999971, -0.510000999999999, 0.20000100000000032, -0.010000000000001563, 12-11-2007
0.5499989999999997, -0.010000000000001563, -0.05999999999999872, 0.34000099999999733, 12-12-2007
0.4299999999999997, 0.34000099999999733, 0.33999999999999986, -0.12000099999999847, 12-13-2007
0.520000999999997, -0.12000099999999847, 0.3500000000000014, 0.19999899999999826, 12-14-2007
0.37999900000000153, 0.19999899999999826, -0.13999899999999954, 0.48999900000000096, 12-15-2007
0.6200009999999985, 0.48999900000000096, -0.10999800000000093, 0.25, 12-16-2007
0.33999999999999986, 0.25, -0.08999999999999986, -0.5300010000000022, 12-17-2007
0.6500000000000021, -0.5300010000000022, 0.28000100000000216, -0.3500009999999989, 12-18-2007
0.620000000000001, -0.3500009999999989, -0.13000100000000003, 0.030000999999998612, 12-19-2007
1.3899989999999995, -0.9300009999999972, 0.02000099999999705, -0.7000009999999968, 1-1-2008
1.020000999999997, -0.7000009999999968, -1.2100010000000019, -0.7899989999999981, 1-2-2008
1.25, -0.7899989999999981, 0.12999899999999798, 0.08000000000000185, 1-3-2008
0.6699999999999982, 0.08000000000000185, 0.040001000000000175, -0.6600000000000001, 1-4-2008
0.8999990000000011, -0.6600000000000001, 0.13999999999999702, 0.3500000000000014, 1-5-2008
0.6100009999999969, 0.3500000000000014, -0.17999999999999972, -0.02999900000000011, 1-6-2008
0.5, -0.02999900000000011, -0.2900010000000002, -0.26000000000000156, 1-7-2008
0.5900010000000009, -0.26000000000000156, 0.8999990000000011, 0.19000099999999875, 1-8-2008
0.7900010000000002, 0.19000099999999875, -0.0799999999999983, -0.30999900000000125, 1-9-2008
0.6900009999999988, -0.30999900000000125, -2.66, -0.15000199999999708, 1-10-2008
0.6899979999999992, -0.15000199999999708, 0.14000099999999804, -0.6900000000000013, 1-11-2008
0.8399999999999999, -0.6900000000000013, 0.059999000000001246, -0.38999899999999954, 1-12-2008
0.6999989999999983, -0.38999899999999954, -0.7999989999999997, 0.41000000000000014, 1-13-2008
0.9500010000000003, 0.41000000000000014, -0.28000100000000216, 1.6500000000000021, 1-14-2008
1.9699990000000014, 1.6500000000000021, 0.16999999999999815, 0.5400010000000002, 1-15-2008
0.6699999999999982, 0.5400010000000002, 0.5799990000000008, -1.2699999999999996, 1-16-2008
1.2800009999999986, -1.2699999999999996, -0.12000099999999847, 0.41000199999999865, 1-17-2008
0.6799980000000012, 0.41000199999999865, 0.14999999999999858, 0.059999000000001246, 1-18-2008
0.36000100000000046, 0.059999000000001246, -0.13999899999999954, 0.3299999999999983, 1-19-2008
0.9299980000000012, 0.3299999999999983, -0.25, 0.6599990000000027, 1-20-2008
0.9799989999999994, 0.6599990000000027, 0.29999999999999716, 0.370000000000001, 1-21-2008
0.6000009999999989, 0.370000000000001, -0.030000000000001137, -0.5399989999999981, 2-1-2008
0.5899999999999999, -0.5399989999999981, -0.5100000000000016, -0.5700000000000003, 2-2-2008
0.770000999999997, -0.5700000000000003, 0.01999800000000107, -0.21999899999999784, 2-3-2008
0.5300000000000011, -0.21999899999999784, -0.26000000000000156, 0.38999899999999954, 2-4-2008
0.8600010000000005, 0.38999899999999954, -0.08999999999999986, 0.31000099999999975, 2-5-2008
0.379998999999998, 0.31000099999999975, 0.129999999999999, 0.28000000000000114, 2-6-2008
0.6700000000000017, 0.28000000000000114, 0.0200010000000006, 0.19999899999999826, 2-7-2008
0.4300009999999972, 0.19999899999999826, 0.15999900000000267, 0.14999999999999858, 2-8-2008
0.41999999999999815, 0.14999999999999858, -0.25, -0.5, 2-9-2008
0.5300009999999986, -0.5, -0.14999999999999858, -0.1999980000000008, 2-10-2008
0.5600009999999997, -0.1999980000000008, 0.2899989999999981, -0.23999999999999844, 2-11-2008
0.630001, -0.23999999999999844, 0.019999999999999574, 0.19999900000000181, 2-12-2008
0.3500000000000014, 0.19999900000000181, 0.23000199999999893, -0.3100020000000008, 2-13-2008
0.8600009999999969, -0.3100020000000008, 0.1700000000000017, -0.6499990000000011, 2-14-2008
0.9899999999999984, -0.6499990000000011, -0.07000000000000028, 0.19000099999999875, 2-15-2008
0.46000000000000085, 0.19000099999999875, -0.14000199999999907, 0.8900019999999991, 2-16-2008
1.100000999999999, 0.8900019999999991, -0.4500010000000003, 0.5300000000000011, 2-17-2008
0.6599989999999991, 0.5300000000000011, -0.2299989999999994, -0.05000100000000174, 2-18-2008
0.3999990000000011, -0.05000100000000174, -0.16000000000000014, -0.3600009999999969, 2-19-2008
0.4499980000000008, -0.3600009999999969, 0.08999999999999986, -0.04999899999999968, 2-20-2008
0.4499990000000018, -0.04999899999999968, -0.360000000000003, 0.3500000000000014, 3-1-2008
0.6099980000000009, 0.3500000000000014, 0.040001000000000175, 0.16000000000000014, 3-2-2008
0.39000000000000057, 0.16000000000000014, -0.1000009999999989, -0.22999900000000295, 3-3-2008
0.3899990000000031, -0.22999900000000295, -0.060001999999997224, 0.26000099999999904, 3-4-2008
0.6399989999999995, 0.26000099999999904, 0.040001000000000175, 0.00999999999999801, 3-5-2008
0.5300009999999986, 0.00999999999999801, 0.35999900000000196, 0.7200009999999999, 3-6-2008
0.7699980000000011, 0.7200009999999999, -0.030000999999998612, -0.049999000000003235, 3-7-2008
0.509999999999998, -0.049999000000003235, -0.3000009999999982, 0.46000099999999833, 3-8-2008
0.75, 0.46000099999999833, -0.040001000000000175, -0.5799999999999983, 3-9-2008
0.9100000000000001, -0.5799999999999983, -0.48999999999999844, 0.6799999999999997, 3-10-2008
1.0, 0.6799999999999997, 0.44999899999999826, 0.4500010000000003, 3-11-2008
0.5599990000000012, 0.4500010000000003, -0.2199990000000014, -0.44000099999999875, 3-12-2008
0.6500000000000021, -0.44000099999999875, 0.37999900000000153, 0.2800009999999986, 3-13-2008
0.6700000000000017, 0.2800009999999986, 0.010000000000001563, 0.36999899999999997, 3-14-2008
0.7000010000000003, 0.36999899999999997, 0.19000099999999875, -0.05000000000000071, 3-15-2008
0.36999899999999997, -0.05000000000000071, -0.23999900000000096, -0.16999999999999815, 3-16-2008
0.36000100000000046, -0.16999999999999815, 0.01999800000000107, -0.7899990000000017, 3-17-2008
0.8200000000000003, -0.7899990000000017, 0.11000100000000046, -0.41000000000000014, 3-18-2008
0.6999999999999993, -0.41000000000000014, -0.08000200000000035, 0.4700009999999999, 3-19-2008
0.6599999999999966, 0.4700009999999999, 0.33000000000000185, 0.4599989999999998, 3-20-2008
0.6000000000000014, 0.4599989999999998, 0.060001999999997224, -0.1800009999999972, 4-1-2008
0.38000100000000003, -0.1800009999999972, -0.1499990000000011, 0.2299989999999994, 4-2-2008
0.5699990000000028, 0.2299989999999994, 0.010000999999999038, -0.07000000000000028, 4-3-2008
0.509999999999998, -0.07000000000000028, 0.049999000000003235, -0.1700000000000017, 4-4-2008
0.4299999999999997, -0.1700000000000017, -0.36000100000000046, -0.30999900000000125, 4-5-2008
0.5, -0.30999900000000125, -0.02000099999999705, 0.36000100000000046, 4-6-2008
0.6600000000000001, 0.36000100000000046, 0.14999999999999858, 0.509999999999998, 4-7-2008
0.8900019999999991, 0.509999999999998, -0.27000099999999705, -0.5699990000000028, 4-8-2008
0.7999989999999997, -0.5699990000000028, -0.11999899999999997, -0.4299999999999997, 4-9-2008
0.6600000000000001, -0.4299999999999997, 0.2199990000000014, 0.0, 4-10-2008
0.44000099999999875, 0.0, 1.5199999999999996, -0.3000009999999982, 4-11-2008
0.619999, -0.3000009999999982, 0.040001000000000175, -0.059999000000001246, 4-12-2008
0.379998999999998, -0.059999000000001246, 0.4599989999999998, -0.0200010000000006, 4-13-2008
0.3999990000000011, -0.0200010000000006, -0.04999899999999968, -0.040001000000000175, 4-14-2008
0.25, -0.040001000000000175, -0.1799980000000012, -0.2900010000000002, 4-15-2008
0.5399990000000017, -0.2900010000000002, 0.20000100000000032, 0.3699980000000025, 4-16-2008
0.5700000000000003, 0.3699980000000025, 0.02000099999999705, 0.11000100000000046, 4-17-2008
0.6799999999999997, 0.11000100000000046, -0.060001999999997224, -0.07000000000000028, 4-18-2008
0.5799999999999983, -0.07000000000000028, -0.12999900000000153, 0.2799990000000001, 4-19-2008
0.5100000000000016, 0.2799990000000001, -0.0799999999999983, -0.00999800000000306, 4-20-2008
0.34999799999999937, -0.00999800000000306, 0.10999900000000196, -0.46999999999999886, 4-21-2008
0.620001000000002, -0.46999999999999886, 0.1000009999999989, 0.9299999999999997, 4-22-2008
1.0499989999999997, 0.9299999999999997, 0.3200000000000003, -0.030001000000002165, 5-1-2008
0.5300009999999986, -0.030001000000002165, -0.20000099999999676, -0.12999900000000153, 5-2-2008
0.7099989999999998, -0.12999900000000153, -0.1700000000000017, 0.5, 5-3-2008
0.6299990000000015, 0.5, 0.020000000000003126, -0.4299999999999997, 5-4-2008
0.6000009999999989, -0.4299999999999997, 0.20999899999999982, 0.02000099999999705, 5-5-2008
0.5, 0.02000099999999705, -0.26000099999999904, 0.23000199999999893, 5-6-2008
0.44000099999999875, 0.23000199999999893, -0.00999999999999801, 0.2799979999999991, 5-7-2008
0.5099979999999995, 0.2799979999999991, 0.0, 0.12000100000000202, 5-8-2008
0.3299999999999983, 0.12000100000000202, 0.08999999999999986, -0.010000000000001563, 5-9-2008
0.5300009999999986, -0.010000000000001563, 0.08000000000000185, 1.0499989999999997, 5-10-2008
1.139999999999997, 1.0499989999999997, 0.02000099999999705, 0.010000000000001563, 5-11-2008
0.4800000000000004, 0.010000000000001563, 0.20000100000000032, -0.3200019999999988, 5-12-2008
0.5, -0.3200019999999988, -0.33000000000000185, -0.4599989999999998, 5-13-2008
0.8200019999999988, -0.4599989999999998, -0.21000099999999833, -0.2199990000000014, 5-14-2008
0.6800010000000007, -0.2199990000000014, 0.16000000000000014, 0.059999000000001246, 5-15-2008
0.3999990000000011, 0.059999000000001246, -0.1399990000000031, -0.3299999999999983, 5-16-2008
0.740000000000002, -0.3299999999999983, -0.11999899999999997, 0.30999900000000125, 5-17-2008
0.4499990000000018, 0.30999900000000125, 0.19999899999999826, -0.3299999999999983, 5-18-2008
0.6700000000000017, -0.3299999999999983, -0.19999900000000181, -0.13000100000000003, 5-19-2008
0.5200010000000006, -0.13000100000000003, 0.14000199999999907, -0.1000009999999989, 5-20-2008
0.4799989999999994, -0.1000009999999989, -0.13000100000000003, 0.15000200000000063, 5-21-2008
0.5599990000000012, 0.15000200000000063, 0.09999799999999937, -0.35999800000000093, 6-1-2008
0.8400009999999973, -0.35999800000000093, -0.1300019999999975, 0.6700009999999992, 6-2-2008
0.8700009999999985, 0.6700009999999992, 0.14000099999999804, 0.25, 6-3-2008
0.6499999999999986, 0.25, -0.21000099999999833, -0.7600000000000016, 6-4-2008
0.8000010000000017, -0.7600000000000016, 0.17999999999999972, -0.31999999999999673, 6-5-2008
0.7600000000000016, -0.31999999999999673, -0.4500010000000003, 0.37000099999999847, 6-6-2008
0.5900009999999973, 0.37000099999999847, -0.13999899999999954, -0.7300019999999989, 6-7-2008
0.8499979999999994, -0.7300019999999989, 0.23999999999999844, 0.0, 6-8-2008
0.7300019999999989, 0.0, 0.19000099999999875, 0.4200000000000017, 6-9-2008
0.5100000000000016, 0.4200000000000017, -0.20999899999999982, 0.41000000000000014, 6-10-2008
0.6699999999999982, 0.41000000000000014, 0.0799999999999983, -0.36000100000000046, 6-11-2008
0.4400000000000013, -0.36000100000000046, -0.22999999999999687, -0.06999900000000281, 6-12-2008
0.4700009999999999, -0.06999900000000281, -0.07000199999999879, 0.6400010000000016, 6-13-2008
0.9600010000000019, 0.6400010000000016, -0.120000000000001, -0.35999900000000196, 6-14-2008
0.4300009999999972, -0.35999900000000196, 0.12999900000000153, -0.13999899999999954, 6-15-2008
0.3999999999999986, -0.13999899999999954, -0.16000000000000014, 0.20999899999999982, 6-16-2008
0.6299990000000015, 0.20999899999999982, 0.019999999999999574, 0.21999999999999886, 6-17-2008
0.5799999999999983, 0.21999999999999886, -0.2899989999999981, -0.7700010000000006, 6-18-2008
0.9299999999999997, -0.7700010000000006, 0.010000000000001563, -0.11000000000000298, 6-19-2008
0.6200009999999985, -0.11000000000000298, -0.0799999999999983, 0.07000000000000028, 6-20-2008
0.5599999999999987, 0.07000000000000028, -0.18999900000000025, 0.2799990000000001, 6-21-2008
0.7099989999999998, 0.2799990000000001, 0.059999000000001246, -0.6999990000000018, 7-1-2008
0.9399980000000028, -0.6999990000000018, -0.30999900000000125, 0.03999900000000167, 7-2-2008
0.5399989999999981, 0.03999900000000167, 0.12000099999999847, -0.07000199999999879, 7-3-2008
0.9699990000000014, -0.07000199999999879, -0.009997999999999507, 0.2199990000000014, 7-4-2008
0.8200000000000003, 0.2199990000000014, -0.059999000000001246, -1.0500019999999992, 7-5-2008
1.139999999999997, -1.0500019999999992, 0.040001000000000175, 0.770000999999997, 7-6-2008
1.0600009999999997, 0.770000999999997, -0.33999999999999986, 0.35999800000000093, 7-7-2008
1.1900000000000013, 0.35999800000000093, 0.38000100000000003, -0.5500009999999982, 7-8-2008
0.8299999999999983, -0.5500009999999982, -0.2199990000000014, 0.4599989999999998, 7-9-2008
0.9600009999999983, 0.4599989999999998, 0.3200019999999988, -0.12000099999999847, 7-10-2008
0.9199999999999982, -0.12000099999999847, 0.33999999999999986, 0.7399999999999984, 7-11-2008
1.3599989999999984, 0.7399999999999984, -0.1000009999999989, 0.20000100000000032, 7-12-2008
0.7000010000000003, 0.20000100000000032, 0.11000100000000046, -0.11000100000000046, 7-13-2008
0.2999989999999997, -0.11000100000000046, -0.37000099999999847, 0.37000099999999847, 7-14-2008
0.49000199999999694, 0.37000099999999847, 0.11000100000000046, 0.09999799999999937, 7-15-2008
0.6000009999999989, 0.09999799999999937, -0.25, -0.379998999999998, 7-16-2008
0.5199980000000011, -0.379998999999998, 0.12999899999999798, 0.21000100000000188, 7-17-2008
0.520000999999997, 0.21000100000000188, -0.1399990000000031, -0.20000099999999676, 7-18-2008
0.38999899999999954, -0.20000099999999676, 0.0, 0.5599999999999987, 7-19-2008
0.6100010000000005, 0.5599999999999987, 0.06999899999999926, -0.06999899999999926, 7-20-2008
1.1700000000000017, -0.06999899999999926, -0.240000000000002, 0.20000100000000032, 7-21-2008
0.6799999999999997, 0.20000100000000032, 0.22999900000000295, -0.07000000000000028, 7-22-2008
0.5399999999999991, -0.07000000000000028, 0.04999999999999716, 0.120000000000001, 8-1-2008
0.4799999999999969, 0.120000000000001, 0.23000000000000043, 0.2699999999999996, 8-2-2008
0.5899999999999999, 0.2699999999999996, -0.07999900000000082, -0.14000199999999907, 8-3-2008
0.5700019999999988, -0.14000199999999907, -0.0799999999999983, 0.9500010000000003, 8-4-2008
1.3499979999999994, 0.9500010000000003, 0.06999999999999673, 0.490000000000002, 8-5-2008
0.6999989999999983, 0.490000000000002, -0.129999999999999, 0.2799990000000001, 8-6-2008
0.8099999999999987, 0.2799990000000001, -0.08000000000000185, 0.2200009999999999, 8-7-2008
0.5400010000000002, 0.2200009999999999, -0.2299989999999994, -0.1700000000000017, 8-8-2008
0.7199990000000014, -0.1700000000000017, -0.21000099999999833, 0.4500010000000003, 8-9-2008
0.7299999999999969, 0.4500010000000003, -0.010000999999999038, -0.08999999999999986, 8-10-2008
0.3200000000000003, -0.08999999999999986, 0.03999899999999812, -0.2899989999999981, 8-11-2008
0.5, -0.2899989999999981, -0.20000100000000032, -0.2199990000000014, 8-12-2008
0.5999999999999979, -0.2199990000000014, 0.14999999999999858, -0.3500009999999989, 8-13-2008
0.6499990000000011, -0.3500009999999989, -0.259999999999998, -0.08000000000000185, 8-14-2008
0.4700009999999999, -0.08000000000000185, 0.15000200000000063, 0.2899989999999981, 8-15-2008
0.5999999999999979, 0.2899989999999981, -0.21999999999999886, -0.3000009999999982, 8-16-2008
0.43000100000000074, -0.3000009999999982, -0.03999900000000167, 0.21999999999999886, 8-17-2008
0.5300000000000011, 0.21999999999999886, -0.04999999999999716, 0.3099999999999987, 8-18-2008
0.5599999999999987, 0.3099999999999987, 0.17999999999999972, 0.0, 8-19-2008
0.25, 0.0, -0.30999900000000125, -0.41000000000000014, 8-20-2008
0.5499999999999972, -0.41000000000000014, 0.3999990000000011, -0.6900000000000013, 8-21-2008
1.010000999999999, -0.6900000000000013, 0.010000000000001563, -1.0499989999999997, 9-1-2008
1.0799999999999983, -1.0499989999999997, -0.07000199999999879, -0.9499990000000018, 9-2-2008
1.0100000000000016, -0.9499990000000018, -0.16999999999999815, 0.26000099999999904, 9-3-2008
0.6900000000000013, 0.26000099999999904, 0.36999899999999997, -0.010000999999999038, 9-4-2008
0.5800000000000018, -0.010000999999999038, -0.16000000000000014, -0.47999900000000295, 9-5-2008
0.6800009999999972, -0.47999900000000295, 0.37999900000000153, -0.5499989999999997, 9-6-2008
0.5800000000000018, -0.5499989999999997, -0.19000099999999875, 0.22000199999999737, 9-7-2008
0.5300009999999986, 0.22000199999999737, -0.3299999999999983, 0.2999989999999997, 9-8-2008
0.6299990000000015, 0.2999989999999997, -0.7000010000000003, -0.09999799999999937, 9-9-2008
0.8500000000000014, -0.09999799999999937, -0.5700000000000003, 0.6899990000000003, 9-10-2008
1.3000010000000017, 0.6899990000000003, -0.21999999999999886, -0.7100010000000019, 9-11-2008
0.9500010000000003, -0.7100010000000019, 0.23000199999999893, 0.47999900000000295, 9-12-2008
1.7800009999999986, 0.47999900000000295, 0.8999999999999986, -0.9299999999999997, 9-13-2008
1.859998000000001, -0.9299999999999997, -0.09000100000000089, -0.6399989999999995, 9-14-2008
1.0400010000000002, -0.6399989999999995, 0.13999899999999954, -0.00999999999999801, 9-15-2008
0.7099989999999998, -0.00999999999999801, 0.14000099999999804, -0.06999899999999926, 9-16-2008
0.5, -0.06999899999999926, 0.23999999999999844, -0.37000099999999847, 9-17-2008
0.4800000000000004, -0.37000099999999847, -0.3500009999999989, 0.9800019999999989, 9-18-2008
1.2099989999999998, 0.9800019999999989, -0.44000099999999875, -1.490000000000002, 9-19-2008
1.7300000000000004, -1.490000000000002, 0.8099999999999987, 0.6500000000000021, 9-20-2008
1.0, 0.6500000000000021, -0.23000000000000043, 0.019999999999999574, 9-21-2008
0.6300019999999975, 0.019999999999999574, -0.28000000000000114, -1.0399989999999981, 10-1-2008
1.130001, -1.0399989999999981, 0.2999989999999997, -0.19000099999999875, 10-2-2008
0.7099989999999998, -0.19000099999999875, -0.33999999999999986, -0.03999900000000167, 10-3-2008
1.229999000000003, -0.03999900000000167, 0.14999999999999858, -1.0599999999999987, 10-4-2008
1.3999999999999986, -1.0599999999999987, -0.41000000000000014, 0.6400000000000006, 10-5-2008
1.339999999999998, 0.6400000000000006, 0.4599989999999998, -1.1099990000000002, 10-6-2008
1.5099990000000005, -1.1099990000000002, -0.5899999999999999, 0.17999999999999972, 10-7-2008
1.6300000000000008, 0.17999999999999972, 0.9900000000000002, 0.8099999999999987, 10-8-2008
1.3899999999999988, 0.8099999999999987, 0.4400000000000013, -1.5, 10-9-2008
1.829998999999999, -1.5, 0.20999899999999982, -1.1499989999999993, 10-10-2008
1.4400000000000013, -1.1499989999999993, 0.2400000000000002, 0.6500000000000004, 10-11-2008
1.4900000000000002, 0.6500000000000004, -0.5200000000000014, 0.14000000000000057, 10-12-2008
1.0399990000000017, 0.14000000000000057, 0.0, 0.5400010000000002, 10-13-2008
0.670001000000001, 0.5400010000000002, -0.3300009999999993, -0.46000000000000085, 10-14-2008
0.6799999999999997, -0.46000000000000085, -0.0600000000000005, -0.6099999999999994, 10-15-2008
0.9399999999999995, -0.6099999999999994, 0.019999999999999574, -0.08999999999999986, 10-16-2008
1.049999999999999, -0.08999999999999986, -1.1199999999999992, 0.8899999999999988, 10-17-2008
1.4800000000000004, 0.8899999999999988, -0.21999999999999886, 0.1899999999999995, 10-18-2008
1.0, 0.1899999999999995, 0.33000000000000007, 1.2799999999999994, 10-19-2008
1.5500000000000007, 1.2799999999999994, -0.2599999999999998, -0.6600000000000001, 10-20-2008
0.8599999999999994, -0.6600000000000001, 0.5500000000000007, 0.6800000000000015, 10-21-2008
1.1500000000000004, 0.6800000000000015, -0.20000000000000107, 0.06000099999999797, 10-22-2008
0.8699999999999992, 0.06000099999999797, 0.09999800000000292, -0.48999900000000096, 10-23-2008
0.7400000000000002, -0.48999900000000096, 0.5399999999999991, 0.08000000000000185, 11-1-2008
0.579998999999999, 0.08000000000000185, -0.2199990000000014, -0.9800009999999997, 11-2-2008
1.1700009999999992, -0.9800009999999997, -0.46000000000000085, -0.7300000000000004, 11-3-2008
1.0, -0.7300000000000004, 0.21000000000000085, 0.5500000000000007, 11-4-2008
0.7400000000000002, 0.5500000000000007, 0.379999999999999, -0.6600000000000001, 11-5-2008
0.8300000000000001, -0.6600000000000001, -0.3200000000000003, -0.09999999999999964, 11-6-2008
0.7199999999999989, -0.09999999999999964, -0.379999999999999, -0.030000000000001137, 11-7-2008
0.46000000000000085, -0.030000000000001137, -0.4800000000000004, 1.3900000000000006, 11-8-2008
1.5700000000000003, 1.3900000000000006, -0.35999999999999943, -0.75, 11-9-2008
0.879999999999999, -0.75, -0.10999999999999943, -0.21000000000000085, 11-10-2008
0.4800000000000004, -0.21000000000000085, 0.11999999999999922, -0.009999999999999787, 11-11-2008
0.7200000000000006, -0.009999999999999787, -0.09999999999999964, -0.5199999999999996, 11-12-2008
0.7899999999999991, -0.5199999999999996, -0.21000000000000085, -0.049999999999998934, 11-13-2008
0.9800000000000004, -0.049999999999998934, 0.21999999999999886, 0.6600000000000001, 11-14-2008
1.1099999999999994, 0.6600000000000001, 0.22000000000000064, 0.23000000000000043, 11-15-2008
0.5800000000000001, 0.23000000000000043, 0.21999999999999886, -0.6499999999999986, 11-16-2008
0.7400000000000002, -0.6499999999999986, -0.09000000000000163, 0.9300000000000015, 11-17-2008
0.9800000000000004, 0.9300000000000015, -0.1800000000000015, 0.010000000000001563, 11-18-2008
0.34999999999999964, 0.010000000000001563, -0.33999999999999986, -0.9000000000000004, 11-19-2008
1.0199999999999996, -0.9000000000000004, 0.35999999999999943, 0.35999999999999943, 12-1-2008
0.7100000000000009, 0.35999999999999943, -0.5399999999999991, 0.9199999999999999, 12-2-2008
0.9499999999999993, 0.9199999999999999, -0.3000000000000007, -0.5899999999999999, 12-3-2008
0.7699999999999996, -0.5899999999999999, -0.05999999999999872, 0.5799999999999983, 12-4-2008
0.9699999999999989, 0.5799999999999983, 0.27000000000000135, 0.379999999999999, 12-5-2008
0.5600000000000005, 0.379999999999999, -0.29999999999999893, 0.6600000000000001, 12-6-2008
1.1999999999999993, 0.6600000000000001, -0.040000000000000924, 0.009999999999999787, 12-7-2008
1.0500000000000007, 0.009999999999999787, -0.02999999999999936, -0.23000000000000043, 12-8-2008
0.6199999999999992, -0.23000000000000043, -0.3100000000000005, 1.0500000000000007, 12-9-2008
1.1400000000000006, 1.0500000000000007, 0.0, -0.16000000000000014, 12-10-2008
0.6199999999999992, -0.16000000000000014, 0.13000000000000078, 0.9199999999999999, 12-11-2008
1.0600000000000005, 0.9199999999999999, -0.23000000000000043, -0.15000000000000036, 12-12-2008
0.5, -0.15000000000000036, -0.1999999999999993, -0.8000000000000007, 12-13-2008
1.0999999999999996, -0.8000000000000007, 0.16000000000000014, 0.019999999999999574, 12-14-2008
0.5600000000000005, 0.019999999999999574, 0.040000000000000924, -0.14000000000000057, 12-15-2008
0.5800000000000001, -0.14000000000000057, 0.09999999999999964, -0.3699999999999992, 12-16-2008
0.47000000000000064, -0.3699999999999992, -0.009999999999999787, 0.16999999999999993, 12-17-2008
0.27999999999999936, 0.16999999999999993, -0.019999999999999574, -0.030000000000001137, 12-18-2008
0.25, -0.030000000000001137, 0.0600000000000005, -0.10999999999999943, 12-19-2008
0.4399999999999995, -0.10999999999999943, 0.1899999999999995, 0.3699999999999992, 12-20-2008
0.4900000000000002, 0.3699999999999992, 0.02000000000000135, -0.05000000000000071, 12-21-2008
0.7799999999999994, 0.5099999999999998, -0.129999999999999, -0.16000000000000014, 1-1-2009
0.47999999999999865, -0.16000000000000014, 0.17999999999999972, 0.27999999999999936, 1-2-2009
0.4299999999999997, 0.27999999999999936, -0.5800000000000001, -0.34999999999999964, 1-3-2009
0.7200000000000006, -0.34999999999999964, 0.009999999999999787, 0.10000000000000142, 1-4-2009
0.3200000000000003, 0.10000000000000142, 0.03999999999999915, -0.4399999999999995, 1-5-2009
0.5800000000000001, -0.4399999999999995, 0.009999999999999787, -0.370000000000001, 1-6-2009
0.6800000000000015, -0.370000000000001, -0.1999999999999993, 0.08000000000000007, 1-7-2009
0.7300000000000004, 0.08000000000000007, -0.20999999999999908, -0.3800000000000008, 1-8-2009
0.6600000000000001, -0.3800000000000008, -0.07000000000000028, 0.27999999999999936, 1-9-2009
0.7399999999999984, 0.27999999999999936, 0.5900000000000016, -0.14000000000000057, 1-10-2009
0.6900000000000013, -0.14000000000000057, -0.17999999999999972, -0.7000000000000011, 1-11-2009
0.9299999999999997, -0.7000000000000011, 0.15000000000000036, 0.25, 1-12-2009
0.7599999999999998, 0.25, -0.4299999999999997, -0.009999999999999787, 1-13-2009
0.5199999999999996, -0.009999999999999787, 0.02999999999999936, 0.2699999999999996, 1-14-2009
0.8100000000000005, 0.2699999999999996, -0.03999999999999915, 0.3000000000000007, 1-15-2009
0.5500000000000007, 0.3000000000000007, 0.129999999999999, 0.3000000000000007, 1-16-2009
0.4499999999999993, 0.3000000000000007, 0.3200000000000003, -0.120000000000001, 1-17-2009
0.4800000000000004, -0.120000000000001, -0.16000000000000014, -0.4800000000000004, 1-18-2009
0.5399999999999991, -0.4800000000000004, 0.08000000000000007, -0.5499999999999989, 1-19-2009
0.5999999999999996, -0.5499999999999989, -0.08000000000000007, 0.8100000000000005, 1-20-2009
0.9600000000000009, 0.8100000000000005, 0.03999999999999915, 0.0600000000000005, 2-1-2009
0.5, 0.0600000000000005, 0.049999999999998934, 0.10000000000000142, 2-2-2009
0.8499999999999996, 0.10000000000000142, -0.23000000000000043, 0.5999999999999996, 2-3-2009
0.870000000000001, 0.5999999999999996, 0.1899999999999995, 0.2900000000000009, 2-4-2009
0.6699999999999999, 0.2900000000000009, -0.08999999999999986, 0.2699999999999996, 2-5-2009
0.5100000000000016, 0.2699999999999996, -0.13000000000000078, -0.6999999999999993, 2-6-2009
1.1100000000000012, -0.6999999999999993, 0.17999999999999972, -0.17999999999999972, 2-7-2009
0.5899999999999999, -0.17999999999999972, -0.2699999999999996, 0.1899999999999995, 2-8-2009
0.5099999999999998, 0.1899999999999995, -0.08999999999999986, -0.02999999999999936, 2-9-2009
0.41000000000000014, -0.02999999999999936, -0.3200000000000003, -0.34999999999999964, 2-10-2009
0.5199999999999996, -0.34999999999999964, 0.10999999999999943, 0.03999999999999915, 2-11-2009
0.6099999999999994, 0.03999999999999915, -0.02999999999999936, -0.6500000000000004, 2-12-2009
0.7100000000000009, -0.6500000000000004, -0.15000000000000036, 0.25, 2-13-2009
0.4900000000000002, 0.25, 0.120000000000001, -0.8200000000000003, 2-14-2009
0.8599999999999994, -0.8200000000000003, 0.08999999999999986, 0.5600000000000005, 2-15-2009
0.7200000000000006, 0.5600000000000005, -0.009999999999999787, 0.3099999999999987, 2-16-2009
0.9000000000000004, 0.3099999999999987, 0.2900000000000009, -0.6099999999999994, 2-17-2009
0.9399999999999995, -0.6099999999999994, -0.21000000000000085, 0.2400000000000002, 2-18-2009
0.6500000000000004, 0.2400000000000002, -0.23000000000000043, -0.1999999999999993, 2-19-2009
0.7099999999999991, -0.1999999999999993, 0.16999999999999993, -0.20000000000000107, 3-1-2009
0.4900000000000002, -0.20000000000000107, 0.41999999999999993, 0.0600000000000005, 3-2-2009
0.6900000000000013, 0.0600000000000005, -0.1999999999999993, -0.25, 3-3-2009
0.5599999999999987, -0.25, 0.11999999999999922, -0.019999999999999574, 3-4-2009
0.8499999999999996, -0.019999999999999574, -0.08000000000000007, 0.22000000000000064, 3-5-2009
0.6999999999999993, 0.22000000000000064, 0.25, 1.1199999999999992, 3-6-2009
1.1999999999999993, 1.1199999999999992, 0.13000000000000078, -0.08999999999999986, 3-7-2009
0.4599999999999991, -0.08999999999999986, 0.27999999999999936, 0.27999999999999936, 3-8-2009
0.7199999999999989, 0.27999999999999936, 0.05000000000000071, 0.129999999999999, 3-9-2009
0.48999999999999844, 0.129999999999999, 0.08999999999999986, -0.5399999999999991, 3-10-2009
0.7099999999999991, -0.5399999999999991, 0.07000000000000028, 0.5800000000000001, 3-11-2009
0.6500000000000004, 0.5800000000000001, 0.0, 0.33999999999999986, 3-12-2009
0.6899999999999995, 0.33999999999999986, 0.15000000000000036, -0.2400000000000002, 3-13-2009
0.6699999999999999, -0.2400000000000002, 0.03999999999999915, -0.5399999999999991, 3-14-2009
1.0500000000000007, -0.5399999999999991, 0.3699999999999992, 0.5, 3-15-2009
0.5999999999999996, 0.5, -0.2599999999999998, -0.2599999999999998, 3-16-2009
0.41000000000000014, -0.2599999999999998, 0.08000000000000007, -0.14000000000000057, 3-17-2009
1.0, -0.14000000000000057, 0.2900000000000009, 0.5899999999999999, 3-18-2009
0.7100000000000009, 0.5899999999999999, -0.33000000000000007, -0.07000000000000028, 3-19-2009
0.40000000000000036, -0.07000000000000028, -0.33000000000000007, -0.3699999999999992, 3-20-2009
0.6199999999999992, -0.3699999999999992, 0.1899999999999995, 0.11999999999999922, 3-21-2009
0.46999999999999886, 0.11999999999999922, -0.2599999999999998, 0.2599999999999998, 3-22-2009
0.7000000000000011, 0.2599999999999998, 0.3500000000000014, 0.3199999999999985, 4-1-2009
0.7400000000000002, 0.3199999999999985, -0.06999999999999851, 0.3199999999999985, 4-2-2009
0.6100000000000012, 0.3199999999999985, -0.29999999999999893, 0.20999999999999908, 4-3-2009
0.41999999999999993, 0.20999999999999908, -0.2599999999999998, -0.15000000000000036, 4-4-2009
0.5199999999999996, -0.15000000000000036, -0.09999999999999964, -0.08000000000000007, 4-5-2009
0.5800000000000001, -0.08000000000000007, 0.34999999999999964, 0.3600000000000012, 4-6-2009
0.47000000000000064, 0.3600000000000012, -0.16999999999999993, 0.16999999999999993, 4-7-2009
0.5299999999999994, 0.16999999999999993, 0.0, 0.030000000000001137, 4-8-2009
0.5899989999999988, 0.030000000000001137, -0.6500000000000021, 0.2599999999999998, 4-9-2009
0.5700000000000003, 0.2599999999999998, 0.22000000000000064, 0.05000000000000071, 4-10-2009
0.5299999999999994, 0.05000000000000071, -0.009999999999999787, -0.28000000000000114, 4-11-2009
0.4400000000000013, -0.28000000000000114, -0.2400000000000002, -0.35999999999999943, 4-12-2009
0.3699999999999992, -0.35999999999999943, -0.019999999999999574, 0.379999999999999, 4-13-2009
0.5599999999999987, 0.379999999999999, -0.16999999999999993, 0.4800000000000004, 4-14-2009
1.0300010000000004, 0.4800000000000004, 0.009999999999999787, -0.15000000000000036, 4-15-2009
0.6899999999999995, -0.15000000000000036, 0.08000000000000007, 0.009999999999999787, 4-16-2009
0.4399999999999995, 0.009999999999999787, -0.3099999999999987, -0.030000000000001137, 4-17-2009
0.41999999999999993, -0.030000000000001137, -0.16000000000000014, -0.06999999999999851, 4-18-2009
0.370000000000001, -0.06999999999999851, 0.14999999999999858, 0.15000000000000036, 4-19-2009
0.4800000000000004, 0.15000000000000036, 0.2599999999999998, 0.16999999999999993, 4-20-2009
0.6600000000000001, 0.16999999999999993, -0.019999999999999574, 0.05000000000000071, 4-21-2009
0.3699999999999992, 0.05000000000000071, 0.4800009999999997, 0.36999899999999997, 5-1-2009
0.6000009999999989, 0.36999899999999997, -0.12999900000000153, -0.37000099999999847, 5-2-2009
0.6000009999999989, -0.37000099999999847, 0.2699999999999996, -0.30999900000000125, 5-3-2009
0.4700009999999981, -0.30999900000000125, 0.18999800000000278, -0.5399990000000017, 5-4-2009
0.890000999999998, -0.5399990000000017, 0.09999999999999964, -0.5800000000000001, 5-5-2009
0.7300000000000004, -0.5800000000000001, -0.1999999999999993, 0.27999999999999936, 5-6-2009
0.6300000000000008, 0.27999999999999936, 0.120000000000001, -0.27999999999999936, 5-7-2009
0.5299999999999994, -0.27999999999999936, 0.14999999999999858, -0.22999999999999865, 5-8-2009
0.3800000000000008, -0.22999999999999865, 0.02999999999999936, 0.379999999999999, 5-9-2009
0.5399999999999991, 0.379999999999999, 0.0, -0.34999999999999964, 5-10-2009
0.4599999999999991, -0.34999999999999964, 0.13000000000000078, 0.1999999999999993, 5-11-2009
0.370000000000001, 0.1999999999999993, -0.049999999999998934, 0.17999999999999972, 5-12-2009
0.6400000000000006, 0.17999999999999972, 0.16000000000000014, -0.23000000000000043, 5-13-2009
0.5599989999999995, -0.23000000000000043, -0.22000000000000064, -0.17999999999999972, 5-14-2009
0.379999999999999, -0.17999999999999972, 0.05000000000000071, -0.17999999999999972, 5-15-2009
0.25, -0.17999999999999972, -0.040000000000000924, 0.47000000000000064, 5-16-2009
0.5099999999999998, 0.47000000000000064, 0.019999999999999574, -0.03999999999999915, 5-17-2009
0.5199999999999996, -0.03999999999999915, 0.09999999999999964, 0.16000000000000014, 5-18-2009
0.5700000000000003, 0.16000000000000014, 0.02999999999999936, -0.02999999999999936, 5-19-2009
0.5499999999999989, -0.02999999999999936, 0.310000999999998, 0.4699990000000014, 5-20-2009
0.6199999999999992, 0.4699990000000014, -0.25, -0.059999000000001246, 6-1-2009
0.4900020000000005, -0.059999000000001246, -0.22000099999999811, -0.030000000000001137, 6-2-2009
0.32000099999999954, -0.030000000000001137, 0.040000000000000924, 0.1499990000000011, 6-3-2009
0.3699999999999992, 0.1499990000000011, 0.16999999999999815, -0.37999899999999975, 6-4-2009
0.6600010000000012, -0.37999899999999975, -0.0600000000000005, 0.0600000000000005, 6-5-2009
0.490000000000002, 0.0600000000000005, 0.2899989999999999, 0.21000100000000188, 6-6-2009
0.48000199999999893, 0.21000100000000188, 0.1599999999999966, -0.12000099999999847, 6-7-2009
0.4600010000000019, -0.12000099999999847, 0.030000999999998612, -0.13999999999999702, 6-8-2009
0.40000200000000063, -0.13999999999999702, -0.11000000000000298, 0.06999900000000281, 6-9-2009
0.28999900000000167, 0.06999900000000281, -0.26000000000000156, -0.06999899999999926, 6-10-2009
0.45000000000000107, -0.06999899999999926, 0.06999899999999926, -0.18999900000000025, 6-11-2009
0.39000099999999804, -0.18999900000000025, -0.02999999999999936, 0.30999899999999947, 6-12-2009
0.4800009999999997, 0.30999899999999947, 0.0200010000000006, -0.2900000000000009, 6-13-2009
0.37999900000000153, -0.2900000000000009, 0.17999900000000046, -0.03999899999999812, 6-14-2009
0.33000000000000007, -0.03999899999999812, -0.11000000000000121, -0.22000000000000064, 6-15-2009
0.5400000000000009, -0.22000000000000064, 0.20000000000000107, -0.07000000000000028, 6-16-2009
0.3800000000000008, -0.07000000000000028, 0.23000099999999968, 0.059999000000001246, 6-17-2009
0.33000000000000007, 0.059999000000001246, -0.05000100000000174, 0.26000000000000156, 6-18-2009
0.4400000000000013, 0.26000000000000156, -0.12999900000000153, 0.11000100000000046, 6-19-2009
0.2900010000000002, 0.11000100000000046, 0.16000000000000014, -0.07000199999999879, 6-20-2009
0.39000000000000057, -0.07000199999999879, 0.0, 0.16999999999999815, 6-21-2009
0.3999990000000011, 0.16999999999999815, 0.12000100000000202, 0.37000099999999847, 6-22-2009
0.6399989999999995, 0.37000099999999847, -0.1700000000000017, -0.15000199999999708, 7-1-2009
0.2700010000000006, -0.15000199999999708, -0.10999800000000093, -0.07000000000000028, 7-2-2009
0.4699990000000014, -0.07000000000000028, 0.2899989999999981, -0.5799999999999983, 7-3-2009
0.7299989999999994, -0.5799999999999983, 0.059999000000001246, -0.36999900000000174, 7-4-2009
0.5800010000000011, -0.36999900000000174, 0.15000000000000036, -0.07000000000000028, 7-5-2009
0.32000099999999776, -0.07000000000000028, -0.03999999999999915, 0.06000099999999975, 7-6-2009
0.35999900000000196, 0.06000099999999975, 0.1099989999999984, 0.33999999999999986, 7-7-2009
0.6400009999999998, 0.33999999999999986, 0.010000000000001563, 0.3299999999999983, 7-8-2009
0.4299999999999997, 0.3299999999999983, 1.1600000000000001, 0.059999000000001246, 7-9-2009
0.47000199999999737, 0.059999000000001246, -0.10999800000000093, 0.5599990000000012, 7-10-2009
0.6499990000000011, 0.5599990000000012, 0.0, 0.2900010000000002, 7-11-2009
0.5599990000000012, 0.2900010000000002, 0.07000000000000028, 0.03999899999999812, 7-12-2009
0.41000000000000014, 0.03999899999999812, 0.0, 0.0, 7-13-2009
0.41000000000000014, 0.0, -0.02999900000000011, 0.26999800000000107, 7-14-2009
0.44000099999999875, 0.26999800000000107, -0.04999899999999968, 0.39000000000000057, 7-15-2009
0.5899999999999999, 0.39000000000000057, -0.3500009999999989, 0.23000199999999893, 7-16-2009
0.389999999999997, 0.23000199999999893, -0.07000000000000028, 0.1799980000000012, 7-17-2009
0.33999999999999986, 0.1799980000000012, -0.1799980000000012, 0.0799999999999983, 7-18-2009
0.41000000000000014, 0.0799999999999983, -0.0799999999999983, 0.1099989999999984, 7-19-2009
0.3299999999999983, 0.1099989999999984, 0.1700000000000017, -0.240000000000002, 7-20-2009
0.5, -0.240000000000002, 0.010000000000001563, -0.08999999999999986, 7-21-2009
0.30999900000000125, -0.08999999999999986, 0.23000000000000043, -0.10999900000000196, 7-22-2009
0.37999900000000153, -0.10999900000000196, -0.16000199999999865, 0.11000100000000046, 8-1-2009
0.22999900000000295, 0.11000100000000046, -0.05000000000000071, -0.4099989999999991, 8-2-2009
0.4399979999999992, -0.4099989999999991, 0.06999899999999926, -0.2299989999999994, 8-3-2009
0.6200009999999985, -0.2299989999999994, 0.20999899999999982, -0.41000000000000014, 8-4-2009
0.5, -0.41000000000000014, 0.10000000000000142, 0.16000000000000014, 8-5-2009
0.27000099999999705, 0.16000000000000014, -0.059999000000001246, -0.06000200000000078, 8-6-2009
0.33000000000000185, -0.06000200000000078, 0.050001999999999214, 0.11999800000000249, 8-7-2009
0.4299999999999997, 0.11999800000000249, 0.16000000000000014, 0.0799999999999983, 8-8-2009
0.2999989999999997, 0.0799999999999983, -0.0799999999999983, -0.19999900000000181, 8-9-2009
0.4200000000000017, -0.19999900000000181, -0.33999999999999986, 0.0200010000000006, 8-10-2009
0.16999999999999815, 0.0200010000000006, 0.04999899999999968, 0.2699999999999996, 8-11-2009
0.41000199999999865, 0.2699999999999996, -0.2200009999999999, 0.25, 8-12-2009
0.379998999999998, 0.25, -0.06999899999999926, -0.0200010000000006, 8-13-2009
0.25, -0.0200010000000006, 0.17999999999999972, 0.0, 8-14-2009
0.370001000000002, 0.0, 0.08000000000000185, -0.20999899999999982, 8-15-2009
0.33999999999999986, -0.20999899999999982, 0.0, 0.33999999999999986, 8-16-2009
0.5100000000000016, 0.33999999999999986, 0.1099989999999984, 0.2200009999999999, 8-17-2009
0.3600009999999969, 0.2200009999999999, -0.0799999999999983, 0.11999899999999997, 8-18-2009
0.37000099999999847, 0.11999899999999997, 0.7900010000000002, -0.010000000000001563, 8-19-2009
0.4799999999999969, -0.010000000000001563, -0.16000000000000014, 0.23000000000000043, 8-20-2009
0.41000000000000014, 0.23000000000000043, -0.1000009999999989, -0.5, 8-21-2009
0.9199999999999982, -0.5, -0.09999800000000292, -0.15000199999999708, 9-1-2009
0.3600009999999969, -0.15000199999999708, 0.14000199999999907, -0.19000099999999875, 9-2-2009
0.3999990000000011, -0.19000099999999875, 0.00999999999999801, 0.20999899999999982, 9-3-2009
0.41000000000000014, 0.20999899999999982, 0.240000000000002, -0.08000000000000185, 9-4-2009
0.44000099999999875, -0.08000000000000185, 0.0, 0.13000100000000003, 9-5-2009
0.5399989999999981, 0.13000100000000003, -0.050000999999998186, -0.11999899999999997, 9-6-2009
0.4299999999999997, -0.11999899999999997, 0.13999999999999702, -0.389999999999997, 9-7-2009
0.5700000000000003, -0.389999999999997, -0.20000100000000032, 0.050001999999999214, 9-8-2009
0.20999899999999982, 0.050001999999999214, 0.17999999999999972, 0.009997999999999507, 9-9-2009
0.34999799999999937, 0.009997999999999507, 0.15000200000000063, -0.05000100000000174, 9-10-2009
0.30999900000000125, -0.05000100000000174, -0.02000099999999705, -0.2199990000000014, 9-11-2009
0.6699999999999982, -0.2199990000000014, 0.10999999999999943, 0.03999900000000167, 9-12-2009
0.33000000000000185, 0.03999900000000167, -0.08999999999999986, 0.07000199999999879, 9-13-2009
0.33999999999999986, 0.07000199999999879, 0.08999800000000135, -0.09999800000000292, 9-14-2009
0.2799990000000001, -0.09999800000000292, 0.09999800000000292, 0.25, 9-15-2009
0.639999999999997, 0.25, 0.02000099999999705, -0.3599989999999984, 9-16-2009
0.5499989999999997, -0.3599989999999984, -0.08999999999999986, -0.08000000000000185, 9-17-2009
0.2900010000000002, -0.08000000000000185, 0.03999900000000167, 0.3299999999999983, 9-18-2009
0.5300000000000011, 0.3299999999999983, -0.06999999999999673, -0.19000000000000128, 9-19-2009
0.33999999999999986, -0.19000000000000128, 0.13000100000000003, -0.040001000000000175, 9-20-2009
0.5400010000000002, -0.040001000000000175, -0.08000000000000185, -0.5899999999999999, 9-21-2009
0.6400019999999991, -0.5899999999999999, 0.05000100000000174, 0.01999800000000107, 10-1-2009
0.26999800000000107, 0.01999800000000107, 0.15000199999999708, -0.02000099999999705, 10-2-2009
0.31999899999999926, -0.02000099999999705, 0.19999899999999826, 0.33000000000000185, 10-3-2009
0.5, 0.33000000000000185, 0.0, 0.12000099999999847, 10-4-2009
0.4000019999999971, 0.12000099999999847, -0.010000000000001563, 0.1399990000000031, 10-5-2009
0.4800000000000004, 0.1399990000000031, -0.03999900000000167, 0.33000000000000185, 10-6-2009
0.510000999999999, 0.33000000000000185, 0.20999899999999982, 0.02000099999999705, 10-7-2009
0.41000000000000014, 0.02000099999999705, 0.11000000000000298, -0.020000000000003126, 10-8-2009
0.34000099999999733, -0.020000000000003126, 0.7700000000000031, -0.43000000000000327, 10-9-2009
0.48999900000000096, -0.43000000000000327, -0.02000099999999705, -0.13999899999999954, 10-10-2009
0.38999899999999954, -0.13999899999999954, -0.20000100000000032, -0.28999900000000167, 10-11-2009
0.5500000000000007, -0.28999900000000167, 0.11000100000000046, 0.11999899999999997, 10-12-2009
0.43000100000000074, 0.11999899999999997, 0.059999000000001246, -0.28999900000000167, 10-13-2009
0.46999899999999784, -0.28999900000000167, -0.00999999999999801, -0.30999900000000125, 10-14-2009
0.7600000000000016, -0.30999900000000125, 0.00999999999999801, 0.25, 10-15-2009
0.5599990000000012, 0.25, 0.2799990000000001, -0.619999, 10-16-2009
0.7899989999999981, -0.619999, 0.0, 0.04999899999999968, 10-17-2009
0.48000199999999893, 0.04999899999999968, 0.18000000000000327, -0.2700000000000031, 10-18-2009
0.4599989999999998, -0.2700000000000031, -0.13999999999999702, -0.5699990000000028, 10-19-2009
0.7300000000000004, -0.5699990000000028, 0.1399990000000031, 0.04999899999999968, 10-20-2009
0.3099999999999987, 0.04999899999999968, 0.08999999999999986, -0.1999980000000008, 10-21-2009
0.6000000000000014, -0.1999980000000008, -0.06000200000000078, -0.03999899999999812, 10-22-2009
0.3999999999999986, -0.03999899999999812, -0.38000100000000003, -0.12999900000000153, 11-1-2009
0.34000099999999733, -0.12999900000000153, 0.11000100000000046, -0.0200010000000006, 11-2-2009
0.3299999999999983, -0.0200010000000006, 0.12999900000000153, 0.16999999999999815, 11-3-2009
0.490000000000002, 0.16999999999999815, -0.0799999999999983, 0.12000099999999847, 11-4-2009
0.370001000000002, 0.12000099999999847, 0.21999999999999886, 0.30999900000000125, 11-5-2009
0.33999800000000135, 0.30999900000000125, -0.02999900000000011, 0.07000000000000028, 11-6-2009
0.27000099999999705, 0.07000000000000028, 0.14999999999999858, 0.19000000000000128, 11-7-2009
0.26000099999999904, 0.19000000000000128, 0.16000000000000014, -0.3200000000000003, 11-8-2009
0.8700009999999985, -0.3200000000000003, 0.03999900000000167, 0.1000009999999989, 11-9-2009
0.370001000000002, 0.1000009999999989, 0.2900010000000002, 0.11999899999999997, 11-10-2009
0.3099999999999987, 0.11999899999999997, -0.129999999999999, 0.21999999999999886, 11-11-2009
0.3500000000000014, 0.21999999999999886, -0.08000000000000185, -0.11999899999999997, 11-12-2009
0.2800009999999986, -0.11999899999999997, -0.7200009999999999, -0.1000009999999989, 11-13-2009
0.44999899999999826, -0.1000009999999989, -0.13999899999999954, 0.0799999999999983, 11-14-2009
0.22999900000000295, 0.0799999999999983, 0.240000000000002, -0.08000000000000185, 11-15-2009
0.17999999999999972, -0.08000000000000185, 0.040001000000000175, -0.050001999999999214, 11-16-2009
0.25, -0.050001999999999214, 0.1000009999999989, -0.14999999999999858, 11-17-2009
0.2199990000000014, -0.14999999999999858, -0.4299999999999997, 0.20000100000000032, 11-18-2009
0.4299999999999997, 0.20000100000000032, 0.0, 0.08999999999999986, 11-19-2009
0.26000000000000156, 0.08999999999999986, 0.2599979999999995, 0.20000100000000032, 11-20-2009
0.23999999999999844, 0.20000100000000032, 0.040001000000000175, 0.01999800000000107, 12-1-2009
0.2900010000000002, 0.01999800000000107, 0.040001000000000175, 0.1100009999999969, 12-2-2009
0.379998999999998, 0.1100009999999969, 0.3200000000000003, 0.26999800000000107, 12-3-2009
0.4400000000000013, 0.26999800000000107, -0.25, 0.16000199999999865, 12-4-2009
0.3199990000000028, 0.16000199999999865, -0.12000099999999847, -0.26000000000000156, 12-5-2009
0.48000199999999893, -0.26000000000000156, 0.0, 0.020000000000003126, 12-6-2009
0.37000099999999847, 0.020000000000003126, 0.14999999999999858, -0.010000000000001563, 12-7-2009
0.19999900000000181, -0.010000000000001563, 0.05000100000000174, -0.30000100000000174, 12-8-2009
0.4200009999999992, -0.30000100000000174, 0.120000000000001, -0.03999999999999915, 12-9-2009
0.21000100000000188, -0.03999999999999915, -0.14000000000000057, -0.040001000000000175, 12-10-2009
0.37999900000000153, -0.040001000000000175, -0.2999989999999997, -0.12000099999999847, 12-11-2009
0.5199980000000011, -0.12000099999999847, -0.1399990000000031, -0.16999999999999815, 12-12-2009
0.2200009999999999, -0.16999999999999815, 0.13999899999999954, 0.4200000000000017, 12-13-2009
0.6099989999999984, 0.4200000000000017, 0.3500009999999989, 0.10999999999999943, 12-14-2009
1.3299999999999983, 0.10999999999999943, 0.05999999999999872, -0.1099989999999984, 12-15-2009
0.34999799999999937, -0.1099989999999984, 0.01999800000000107, 0.040001000000000175, 12-16-2009
0.20999899999999982, 0.040001000000000175, 0.1000009999999989, 0.12999899999999798, 12-17-2009
0.1700000000000017, 0.12999899999999798, 0.08000000000000185, -0.11000100000000046, 12-18-2009
0.33999999999999986, -0.11000100000000046, 0.11000100000000046, -0.010000000000001563, 12-19-2009
0.25, -0.010000000000001563, -0.14999999999999858, 0.33999999999999986, 12-20-2009
0.3500000000000014, 0.33999999999999986, 0.010000000000001563, -0.20000000000000284, 12-21-2009
0.3000009999999982, 0.08999800000000135, 0.060001999999997224, -0.07000000000000028, 1-1-2010
0.389999999999997, -0.07000000000000028, -0.060001999999997224, -0.010000000000001563, 1-2-2010
0.259999999999998, -0.010000000000001563, -0.06999899999999926, -0.129999999999999, 1-3-2010
0.4200000000000017, -0.129999999999999, -0.059999000000001246, 0.2899989999999981, 1-4-2010
0.48999900000000096, 0.2899989999999981, 0.28000100000000216, -0.16000000000000014, 1-5-2010
0.3299999999999983, -0.16000000000000014, -0.08000000000000185, -0.259999999999998, 1-6-2010
0.520000999999997, -0.259999999999998, 0.10999800000000093, 0.23999999999999844, 1-7-2010
0.6399989999999995, 0.23999999999999844, 0.15000200000000063, 0.36999899999999997, 1-8-2010
0.5, 0.36999899999999997, -0.09000100000000089, -0.5899999999999999, 1-9-2010
0.629999999999999, -0.5899999999999999, 0.1000009999999989, 0.1499990000000011, 1-10-2010
0.3200000000000003, 0.1499990000000011, -0.059999000000001246, 0.08999999999999986, 1-11-2010
0.2899989999999981, 0.08999999999999986, 0.07000000000000028, -0.3099999999999987, 1-12-2010
0.6299990000000015, -0.3099999999999987, -0.07000000000000028, -0.8599999999999994, 1-13-2010
0.9800019999999989, -0.8599999999999994, 0.3299999999999983, 0.08000000000000185, 1-14-2010
0.44000099999999875, 0.08000000000000185, -0.14000000000000057, -0.17999999999999972, 1-15-2010
0.4299980000000012, -0.17999999999999972, 0.0, 0.23999999999999844, 1-16-2010
0.509999999999998, 0.23999999999999844, 0.059999000000001246, -0.379998999999998, 1-17-2010
0.7099989999999998, -0.379998999999998, 0.20999899999999982, -0.729999000000003, 1-18-2010
0.9300010000000007, -0.729999000000003, 0.06999900000000281, 0.14000199999999907, 1-19-2010
0.30999900000000125, 0.14000199999999907, 0.06999899999999926, 0.23000000000000043, 2-1-2010
0.48000199999999893, 0.23000000000000043, -0.12999900000000153, -0.1000009999999989, 2-2-2010
0.41000000000000014, -0.1000009999999989, -0.10999999999999943, -0.5500000000000007, 2-3-2010
0.629998999999998, -0.5500000000000007, 0.08000000000000185, 0.36999899999999997, 2-4-2010
0.5799999999999983, 0.36999899999999997, 0.010000999999999038, -0.129999999999999, 2-5-2010
0.4900020000000005, -0.129999999999999, 0.2899989999999981, 0.010000999999999038, 2-6-2010
0.4499980000000008, 0.010000999999999038, -0.05999999999999872, 0.1000009999999989, 2-7-2010
0.41999999999999815, 0.1000009999999989, -0.060001999999997224, 0.4299999999999997, 2-8-2010
0.6500020000000006, 0.4299999999999997, -0.10000000000000142, 0.4700009999999999, 2-9-2010
0.8899989999999995, 0.4700009999999999, 0.19000099999999875, 0.09999800000000292, 2-10-2010
0.30000100000000174, 0.09999800000000292, 0.14000199999999907, -0.20000100000000032, 2-11-2010
0.33000000000000185, -0.20000100000000032, -0.0200010000000006, 0.20000100000000032, 2-12-2010
0.30000100000000174, 0.20000100000000032, -0.12000099999999847, 0.1000009999999989, 2-13-2010
0.3899990000000031, 0.1000009999999989, 0.13000100000000003, -0.08000000000000185, 2-14-2010
0.30999900000000125, -0.08000000000000185, -0.030000999999998612, -0.4500010000000003, 2-15-2010
0.6600000000000001, -0.4500010000000003, 0.13000100000000003, 0.18000100000000074, 2-16-2010
0.30999900000000125, 0.18000100000000074, -0.33000000000000185, 0.25999800000000306, 2-17-2010
0.44000099999999875, 0.25999800000000306, -0.02999900000000011, -0.06999900000000281, 2-18-2010
0.25, -0.06999900000000281, 0.1499990000000011, 0.19000099999999875, 2-19-2010
0.3200000000000003, 0.19000099999999875, 0.11999899999999997, -0.2899989999999981, 3-1-2010
0.5100000000000016, -0.2899989999999981, 0.059999000000001246, -0.240000000000002, 3-2-2010
0.37999900000000153, -0.240000000000002, 0.08000000000000185, -0.06999900000000281, 3-3-2010
0.3500009999999989, -0.06999900000000281, 0.12999900000000153, 0.13000100000000003, 3-4-2010
0.38999899999999954, 0.13000100000000003, 0.01999800000000107, -0.03999900000000167, 3-5-2010
0.1799980000000012, -0.03999900000000167, -0.08999999999999986, 0.26000099999999904, 3-6-2010
0.5400010000000002, 0.26000099999999904, 0.010000000000001563, 0.23999999999999844, 3-7-2010
0.38000100000000003, 0.23999999999999844, -0.050001999999999214, 0.11000100000000046, 3-8-2010
0.28000000000000114, 0.11000100000000046, 0.059999000000001246, -0.03999900000000167, 3-9-2010
0.19000099999999875, -0.03999900000000167, -0.10999999999999943, 0.010000000000001563, 3-10-2010
0.2700010000000006, 0.010000000000001563, 0.05999999999999872, 0.7800000000000011, 3-11-2010
0.8399999999999999, 0.7800000000000011, 0.04999899999999968, 0.1800009999999972, 3-12-2010
0.4400000000000013, 0.1800009999999972, -0.04999899999999968, 0.010000000000001563, 3-13-2010
0.33999999999999986, 0.010000000000001563, 0.04999899999999968, -0.26000000000000156, 3-14-2010
0.5799999999999983, -0.26000000000000156, -0.11999899999999997, 0.36999899999999997, 3-15-2010
0.4599989999999998, 0.36999899999999997, 0.1499990000000011, 0.28000100000000216, 3-16-2010
0.38999899999999954, 0.28000100000000216, -0.1399990000000031, -0.1000009999999989, 3-17-2010
0.3500000000000014, -0.1000009999999989, 0.26000099999999904, -0.34000099999999733, 3-18-2010
0.4200009999999992, -0.34000099999999733, 0.0799999999999983, -0.19000000000000128, 3-19-2010
0.5199999999999996, -0.19000000000000128, 0.18000000000000327, -0.09000000000000341, 3-20-2010
0.22999999999999687, -0.09000000000000341, 0.07000000000000028, -0.05999999999999872, 3-21-2010
0.36000100000000046, -0.05999999999999872, -0.019999999999999574, -0.02999900000000011, 3-22-2010
0.2999989999999997, -0.02999900000000011, 0.1099989999999984, -0.010000999999999038, 3-23-2010
0.4399979999999992, -0.010000999999999038, 0.09000100000000089, 0.10999999999999943, 4-1-2010
0.3099999999999987, 0.10999999999999943, -0.16000000000000014, -0.030000000000001137, 4-2-2010
0.21999999999999886, -0.030000000000001137, 0.030000000000001137, 0.0200010000000006, 4-3-2010
0.4299999999999997, 0.0200010000000006, -0.07000199999999879, -0.07000000000000028, 4-4-2010
0.25, -0.07000000000000028, 0.09000099999999733, 0.1499990000000011, 4-5-2010
0.20999899999999982, 0.1499990000000011, 0.14000199999999907, -0.14999999999999858, 4-6-2010
0.28999900000000167, -0.14999999999999858, 0.1099989999999984, 0.120000000000001, 4-7-2010
0.3500009999999989, 0.120000000000001, 0.8000000000000007, -0.05000000000000071, 4-8-2010
0.4200009999999992, -0.05000000000000071, 0.3099999999999987, 0.3899990000000031, 4-9-2010
0.5700019999999988, 0.3899990000000031, -0.16000000000000014, -0.13999899999999954, 4-10-2010
0.39000000000000057, -0.13999899999999954, -0.010000000000001563, 0.08999999999999986, 4-11-2010
0.5, 0.08999999999999986, 0.20000100000000032, -0.08000000000000185, 4-12-2010
0.3500000000000014, -0.08000000000000185, -0.02000099999999705, -0.30000100000000174, 4-13-2010
0.5899980000000014, -0.30000100000000174, -0.25, 0.44000099999999875, 4-14-2010
0.739999000000001, 0.44000099999999875, -0.03999899999999812, 0.08999999999999986, 4-15-2010
0.3299990000000008, 0.08999999999999986, 0.03999899999999812, -0.259999999999998, 4-16-2010
0.3200000000000003, -0.259999999999998, -0.08999999999999986, -0.379999999999999, 4-17-2010
0.5800000000000018, -0.379999999999999, 0.05999999999999872, -0.14999999999999858, 4-18-2010
0.5499989999999997, -0.14999999999999858, 0.06999999999999673, 0.16000000000000014, 4-19-2010
0.21000100000000188, 0.16000000000000014, -0.03999899999999812, -0.6100010000000005, 4-20-2010
0.6499999999999986, -0.6100010000000005, 0.14000000000000057, 0.28000000000000114, 4-21-2010
0.5400010000000002, 0.28000000000000114, -0.33000000000000185, -0.37000099999999847, 5-1-2010
0.5500010000000017, -0.37000099999999847, -0.4599989999999998, 0.07000000000000028, 5-2-2010
0.47999900000000295, 0.07000000000000028, -0.020000000000003126, -0.639999999999997, 5-3-2010
2.479999000000003, -0.639999999999997, -0.25, 0.04999899999999968, 5-4-2010
1.2400020000000005, 0.04999899999999968, 0.9800019999999989, 0.2599979999999995, 5-5-2010
0.3999990000000011, 0.2599979999999995, -0.2299989999999994, -0.03999900000000167, 5-6-2010
0.760000999999999, -0.03999900000000167, 0.3199990000000028, 0.48999999999999844, 5-7-2010
0.6499990000000011, 0.48999999999999844, -0.059999000000001246, -0.5300009999999986, 5-8-2010
0.8099990000000012, -0.5300009999999986, -0.30999900000000125, -0.3000019999999992, 5-9-2010
0.6799980000000012, -0.3000019999999992, -0.13999899999999954, 0.2699999999999996, 5-10-2010
0.6399989999999995, 0.2699999999999996, 0.11999899999999997, -0.7099989999999998, 5-11-2010
0.9000000000000021, -0.7099989999999998, 0.08999999999999986, 0.08000000000000185, 5-12-2010
0.7099989999999998, 0.08000000000000185, -0.5800000000000018, -0.2299989999999994, 5-13-2010
0.6100009999999969, -0.2299989999999994, -0.38000100000000003, 0.5, 5-14-2010
0.990000000000002, 0.5, 0.040001000000000175, -0.2800009999999986, 5-15-2010
0.6099980000000009, -0.2800009999999986, -0.5499990000000032, 0.729999000000003, 5-16-2010
0.8399999999999999, 0.729999000000003, 0.25, -0.3999990000000011, 5-17-2010
0.7999989999999997, -0.3999990000000011, 0.4599989999999998, 0.6000000000000014, 5-18-2010
0.6799980000000012, 0.6000000000000014, -0.08000000000000185, -0.259999999999998, 5-19-2010
0.5199999999999996, -0.259999999999998, -0.12000100000000202, -0.11999899999999997, 5-20-2010
0.6100009999999969, -0.11999899999999997, 0.20999899999999982, 0.4200000000000017, 6-1-2010
0.6699999999999982, 0.4200000000000017, 0.14999999999999858, -0.059999000000001246, 6-2-2010
0.5300009999999986, -0.059999000000001246, -0.3599989999999984, -0.5899999999999999, 6-3-2010
0.8099990000000012, -0.5899999999999999, -0.010000000000001563, -0.6300019999999975, 6-4-2010
0.7900010000000002, -0.6300019999999975, -0.08999999999999986, -0.03999900000000167, 6-5-2010
0.490000000000002, -0.03999900000000167, 0.20999899999999982, -0.4599989999999998, 6-6-2010
0.739999000000001, -0.4599989999999998, 0.4200000000000017, 0.19999899999999826, 6-7-2010
0.3500000000000014, 0.19999899999999826, -0.23999999999999844, 0.3299999999999983, 6-8-2010
0.4699990000000014, 0.3299999999999983, 0.3100020000000008, -0.06000200000000078, 6-9-2010
0.31999899999999926, -0.06000200000000078, 0.22000200000000092, 0.36999899999999997, 6-10-2010
0.5499989999999997, 0.36999899999999997, -0.07000000000000028, 0.0799999999999983, 6-11-2010
0.44000099999999875, 0.0799999999999983, 0.10000000000000142, -0.07000000000000028, 6-12-2010
0.48999999999999844, -0.07000000000000028, 0.03999900000000167, -0.15999900000000267, 6-13-2010
0.46999999999999886, -0.15999900000000267, 0.2700000000000031, -0.47999900000000295, 6-14-2010
0.6300019999999975, -0.47999900000000295, -0.060001999999997224, -0.1499990000000011, 6-15-2010
0.46999899999999784, -0.1499990000000011, -0.03999900000000167, -0.1300019999999975, 6-16-2010
0.35999999999999943, -0.1300019999999975, -0.18999800000000278, -0.3000009999999982, 6-17-2010
0.5899999999999999, -0.3000009999999982, 0.0799999999999983, -0.36999899999999997, 6-18-2010
0.5200010000000006, -0.36999899999999997, 0.08000000000000185, 0.25, 6-19-2010
0.6799999999999997, 0.25, -0.36000100000000046, -0.20999899999999982, 6-20-2010
0.3999990000000011, -0.20999899999999982, -0.08999999999999986, -0.25, 6-21-2010
0.630001, -0.25, -0.0200010000000006, -0.17999999999999972, 6-22-2010
0.6200009999999985, -0.17999999999999972, -0.040001000000000175, -0.009997999999999507, 7-1-2010
0.41000199999999865, -0.009997999999999507, 0.34999799999999937, -0.06999899999999926, 7-2-2010
0.5100000000000016, -0.06999899999999926, -0.0200010000000006, 0.6799999999999997, 7-3-2010
0.7800010000000022, 0.6799999999999997, 0.20000100000000032, -0.23999999999999844, 7-4-2010
0.5300010000000022, -0.23999999999999844, -0.040001000000000175, 0.1800009999999972, 7-5-2010
0.3200019999999988, 0.1800009999999972, 0.06999900000000281, 0.26000099999999904, 7-6-2010
0.3500009999999989, 0.26000099999999904, 0.3999990000000011, 0.040001000000000175, 7-7-2010
1.4600009999999983, 0.040001000000000175, 1.0499989999999997, -0.6999980000000008, 7-8-2010
0.9699990000000014, -0.6999980000000008, -0.0200010000000006, 0.1700000000000017, 7-9-2010
0.5799999999999983, 0.1700000000000017, -0.08000000000000185, -0.41000000000000014, 7-10-2010
0.4800000000000004, -0.41000000000000014, 0.15000000000000213, 0.41999999999999815, 7-11-2010
0.4500010000000003, 0.41999999999999815, -0.4299999999999997, 0.48999999999999844, 7-12-2010
0.629999999999999, 0.48999999999999844, -0.0799999999999983, -0.3099999999999987, 7-13-2010
0.46999999999999886, -0.3099999999999987, 0.08999999999999986, 0.4300009999999972, 7-14-2010
0.6400000000000006, 0.4300009999999972, -0.14000199999999907, 0.050001999999999214, 7-15-2010
0.3899990000000031, 0.050001999999999214, -0.010000999999999038, 0.02999900000000011, 7-16-2010
0.3299999999999983, 0.02999900000000011, -0.02999900000000011, -0.10000000000000142, 7-17-2010
0.3500009999999989, -0.10000000000000142, 0.059999000000001246, -0.30999900000000125, 7-18-2010
0.3999999999999986, -0.30999900000000125, 0.059999000000001246, -0.35999800000000093, 7-19-2010
0.7199999999999989, -0.35999800000000093, -0.26000099999999904, -0.16999999999999815, 7-20-2010
0.3400000000000034, -0.16999999999999815, 0.29999999999999716, 0.25, 7-21-2010
0.5500009999999982, 0.25, -0.13999999999999702, -0.1399990000000031, 8-1-2010
0.3200019999999988, -0.1399990000000031, -0.060001999999997224, -0.07999900000000082, 8-2-2010
0.41000000000000014, -0.07999900000000082, -0.09000100000000089, 0.030001000000002165, 8-3-2010
0.33000200000000035, 0.030001000000002165, -0.2199990000000014, 0.19999899999999826, 8-4-2010
0.3999990000000011, 0.19999899999999826, 0.1400010000000016, -0.1400010000000016, 8-5-2010
0.38000100000000003, -0.1400010000000016, -0.5399989999999981, -0.2900010000000002, 8-6-2010
0.4699990000000014, -0.2900010000000002, -0.28999900000000167, -0.1000009999999989, 8-7-2010
0.2800009999999986, -0.1000009999999989, -0.259999999999998, 0.2800009999999986, 8-8-2010
0.6500000000000021, 0.2800009999999986, -0.12000100000000202, -0.17999999999999972, 8-9-2010
0.33999999999999986, -0.17999999999999972, -0.010000999999999038, 0.33000000000000185, 8-10-2010
0.4499980000000008, 0.33000000000000185, 0.25, -0.18999800000000278, 8-11-2010
0.37000099999999847, -0.18999800000000278, 0.0, 0.059999000000001246, 8-12-2010
0.3100019999999972, 0.059999000000001246, -0.6200009999999985, -0.06999900000000281, 8-13-2010
0.3200000000000003, -0.06999900000000281, 0.020000000000003126, -0.010000000000001563, 8-14-2010
0.23999999999999844, -0.010000000000001563, 0.010000000000001563, -0.2199990000000014, 8-15-2010
0.379999999999999, -0.2199990000000014, -0.14000199999999907, -0.1499990000000011, 8-16-2010
0.2900010000000002, -0.1499990000000011, -0.14999999999999858, 0.21999999999999886, 8-17-2010
0.41000000000000014, 0.21999999999999886, 0.120000000000001, -0.4200000000000017, 8-18-2010
0.490000000000002, -0.4200000000000017, 0.05000000000000071, 0.14000099999999804, 8-19-2010
0.7100009999999983, 0.14000099999999804, -0.12000099999999847, -0.2900010000000002, 8-20-2010
0.3699980000000025, -0.2900010000000002, -0.0799999999999983, -0.20999899999999982, 8-21-2010
0.3200000000000003, -0.20999899999999982, 0.27000099999999705, 0.1999980000000008, 8-22-2010
0.38000100000000003, 0.1999980000000008, 0.09000100000000089, 0.050000999999998186, 9-1-2010
0.25, 0.050000999999998186, 0.23999900000000096, -0.08999999999999986, 9-2-2010
0.38999899999999954, -0.08999999999999986, -0.06999899999999926, -0.240000000000002, 9-3-2010
0.36000100000000046, -0.240000000000002, -0.0799999999999983, -0.1400010000000016, 9-4-2010
0.2999989999999997, -0.1400010000000016, 0.1499990000000011, -0.04999899999999968, 9-5-2010
0.14999999999999858, -0.04999899999999968, -0.04999899999999968, 0.01999800000000107, 9-6-2010
0.26000000000000156, 0.01999800000000107, 0.25, 0.33999999999999986, 9-7-2010
0.35999800000000093, 0.33999999999999986, -0.029998000000002634, 0.20999899999999982, 9-8-2010
0.4599989999999998, 0.20999899999999982, -0.00999999999999801, -0.010000999999999038, 9-9-2010
0.2299989999999994, -0.010000999999999038, -0.01999800000000107, 0.26999800000000107, 9-10-2010
0.40000000000000213, 0.26999800000000107, 0.060001999999997224, -0.22000199999999737, 9-11-2010
0.4099999999999966, -0.22000199999999737, 0.0799999999999983, 0.040001000000000175, 9-12-2010
0.26999800000000107, 0.040001000000000175, -0.050000999999998186, 0.259999999999998, 9-13-2010
0.4299999999999997, 0.259999999999998, -0.09999799999999937, -0.030000999999998612, 9-14-2010
0.36000100000000046, -0.030000999999998612, -0.16000000000000014, 0.129999999999999, 9-15-2010
0.5599990000000012, 0.129999999999999, 0.25, 0.19000000000000128, 9-16-2010
0.2700010000000006, 0.19000000000000128, -0.020000000000003126, -0.16000000000000014, 9-17-2010
0.25, -0.16000000000000014, 0.06999900000000281, 0.20000100000000032, 9-18-2010
0.46999999999999886, 0.20000100000000032, -0.030000000000001137, -0.240000000000002, 9-19-2010
0.5, -0.240000000000002, 0.10000000000000142, -0.13999899999999954, 9-20-2010
0.48999900000000096, -0.13999899999999954, 0.26999800000000107, -0.1499990000000011, 9-21-2010
1.470001, -0.1499990000000011, -0.07000000000000028, -0.37999900000000153, 10-1-2010
0.5299990000000001, -0.37999900000000153, 0.20999899999999982, 0.07000000000000028, 10-2-2010
0.26000000000000156, 0.07000000000000028, 0.059999000000001246, 0.10000000000000142, 10-3-2010
0.24000199999999694, 0.10000000000000142, 0.060001999999997224, 0.02999900000000011, 10-4-2010
0.33000200000000035, 0.02999900000000011, 0.0, 0.120000000000001, 10-5-2010
0.37000099999999847, 0.120000000000001, 0.07000000000000028, -0.030000999999998612, 10-6-2010
0.2199990000000014, -0.030000999999998612, 0.09000099999999733, 0.120000000000001, 10-7-2010
0.35999800000000093, 0.120000000000001, 0.21000000000000085, -0.740000000000002, 10-8-2010
0.8700009999999985, -0.740000000000002, 0.06999900000000281, 0.010000999999999038, 10-9-2010
0.2599979999999995, 0.010000999999999038, 0.12000099999999847, -0.12000099999999847, 10-10-2010
0.26999800000000107, -0.12000099999999847, -0.05999999999999872, -0.06999900000000281, 10-11-2010
0.3500009999999989, -0.06999900000000281, -0.1800009999999972, 0.19999899999999826, 10-12-2010
0.48999900000000096, 0.19999899999999826, 0.08999999999999986, 0.33999999999999986, 10-13-2010
0.48999999999999844, 0.33999999999999986, 0.11000100000000046, 0.010000000000001563, 10-14-2010
0.2900010000000002, 0.010000000000001563, 0.030000999999998612, 0.04999899999999968, 10-15-2010
0.17999999999999972, 0.04999899999999968, 0.11000100000000046, -0.08000000000000185, 10-16-2010
0.20000100000000032, -0.08000000000000185, -0.0799999999999983, 0.25, 10-17-2010
0.38000100000000003, 0.25, -0.11000100000000046, 0.26000099999999904, 10-18-2010
0.39000199999999907, 0.26000099999999904, 0.10000000000000142, 0.1799980000000012, 10-19-2010
0.510000999999999, 0.1799980000000012, -0.01999800000000107, -0.40000200000000063, 10-20-2010
0.5499989999999997, -0.40000200000000063, 0.30000100000000174, 0.21999999999999886, 10-21-2010
0.33000000000000185, 0.21999999999999886, 0.06999899999999926, -0.2999989999999997, 11-1-2010
0.41000000000000014, -0.2999989999999997, 0.0, 0.14000000000000057, 11-2-2010
0.3000009999999982, 0.14000000000000057, 0.17999999999999972, 0.30999900000000125, 11-3-2010
0.46000099999999833, 0.30999900000000125, 0.040001000000000175, 0.22999999999999687, 11-4-2010
0.3200019999999988, 0.22999999999999687, 0.10000000000000142, -0.10999999999999943, 11-5-2010
0.3299999999999983, -0.10999999999999943, -0.02999900000000011, -0.040001000000000175, 11-6-2010
0.3199990000000028, -0.040001000000000175, -0.010000000000001563, -0.1099989999999984, 11-7-2010
0.3500000000000014, -0.1099989999999984, -0.3500000000000014, 0.5199980000000011, 11-8-2010
0.6800010000000007, 0.5199980000000011, 0.23000199999999893, 0.08999999999999986, 11-9-2010
0.47999900000000295, 0.08999999999999986, 0.11999899999999997, -0.3500009999999989, 11-10-2010
0.3999999999999986, -0.3500009999999989, -0.16999999999999815, -0.059999000000001246, 11-11-2010
0.39000099999999804, -0.059999000000001246, -0.05000000000000071, 0.05999999999999872, 11-12-2010
0.28999900000000167, 0.05999999999999872, -0.030000999999998612, -0.02999900000000011, 11-13-2010
0.31999999999999673, -0.02999900000000011, -0.050000999999998186, 0.16999999999999815, 11-14-2010
0.3200019999999988, 0.16999999999999815, -0.21999899999999784, 0.3299999999999983, 11-15-2010
0.4000019999999971, 0.3299999999999983, -0.20999899999999982, 0.04999899999999968, 11-16-2010
0.41000000000000014, 0.04999899999999968, 0.14000000000000057, 0.15999899999999911, 11-17-2010
0.3999999999999986, 0.15999899999999911, -0.1499990000000011, 0.10000000000000142, 11-18-2010
0.3299999999999983, 0.10000000000000142, -0.19000000000000128, 0.17999999999999972, 11-19-2010
0.33000000000000185, 0.17999999999999972, -0.14999999999999858, -0.019999999999999574, 11-20-2010
0.2299989999999994, -0.019999999999999574, 0.2999989999999997, 0.0200010000000006, 11-21-2010
0.17999999999999972, 0.0200010000000006, 0.019999999999999574, 0.20000100000000032, 12-1-2010
0.28999999999999915, 0.20000100000000032, -0.07000199999999879, 0.060001999999997224, 12-2-2010
0.16000000000000014, 0.060001999999997224, -0.0799999999999983, 0.08999999999999986, 12-3-2010
0.21000100000000188, 0.08999999999999986, 0.13999899999999954, -0.26000000000000156, 12-4-2010
0.28000100000000216, -0.26000000000000156, 0.11000100000000046, 0.12999900000000153, 12-5-2010
0.23999999999999844, 0.12999900000000153, 0.19000000000000128, -0.20000100000000032, 12-6-2010
0.3500009999999989, -0.20000100000000032, 0.1000009999999989, 0.0, 12-7-2010
0.18000100000000074, 0.0, 0.10000000000000142, -0.5100000000000016, 12-8-2010
0.6799999999999997, -0.5100000000000016, -0.10000000000000142, 0.06999900000000281, 12-9-2010
0.26000000000000156, 0.06999900000000281, -0.11999899999999997, -0.06999900000000281, 12-10-2010
0.2199990000000014, -0.06999900000000281, 0.06999900000000281, -0.05000100000000174, 12-11-2010
0.13999899999999954, -0.05000100000000174, 0.010000000000001563, 0.14999999999999858, 12-12-2010
0.21999999999999886, 0.14999999999999858, -0.07000000000000028, -0.15999899999999911, 12-13-2010
0.2299989999999994, -0.15999899999999911, 0.03999999999999915, -0.16999999999999815, 12-14-2010
0.19000000000000128, -0.16999999999999815, -0.1499990000000011, -0.06000200000000078, 12-15-2010
0.21000099999999833, -0.06000200000000078, -0.04999899999999968, 0.0, 12-16-2010
0.2199990000000014, 0.0, -0.08999999999999986, 0.08999999999999986, 12-17-2010
0.21000100000000188, 0.08999999999999986, -0.030000999999998612, 0.07000000000000028, 12-18-2010
0.16999999999999815, 0.07000000000000028, 0.060001999999997224, 0.0, 12-19-2010
0.17999999999999972, 0.0, 0.010000000000001563, 0.06999899999999926, 12-20-2010
0.14999999999999858, 0.06999899999999926, 0.010000999999999038, 0.0, 12-21-2010
0.11999800000000249, 0.0, -0.02000099999999705, -0.16000000000000014, 12-22-2010
0.26999800000000107, -0.16000000000000014, 0.27000099999999705, 0.02999900000000011, 1-1-2011
0.15000200000000063, 0.02999900000000011, 0.040001000000000175, -0.25, 1-2-2011
0.30999900000000125, -0.25, -0.27000099999999705, 0.09999999999999787, 1-3-2011
0.2700010000000006, 0.09999999999999787, -0.06000099999999975, -0.04999899999999968, 1-4-2011
0.5, -0.04999899999999968, 0.04999899999999968, -0.01999800000000107, 1-5-2011
0.1999999999999993, -0.01999800000000107, 0.13999899999999954, 0.2199990000000014, 1-6-2011
0.38000100000000003, 0.2199990000000014, 0.2200009999999999, 0.02999900000000011, 1-7-2011
0.259999999999998, 0.02999900000000011, -0.03999899999999812, 0.030000999999998612, 1-8-2011
0.240000000000002, 0.030000999999998612, 0.059999000000001246, -0.2700000000000031, 1-9-2011
0.4500010000000003, -0.2700000000000031, -0.04999899999999968, 0.04999899999999968, 1-10-2011
0.26000000000000156, 0.04999899999999968, -0.00999999999999801, -0.05999999999999872, 1-11-2011
0.1799980000000012, -0.05999999999999872, -0.06999900000000281, 0.010000000000001563, 1-12-2011
0.33000000000000185, 0.010000000000001563, 0.0, -0.13000100000000003, 1-13-2011
0.23000199999999893, -0.13000100000000003, 0.21000099999999833, 0.20999899999999982, 1-14-2011
0.3099999999999987, 0.20999899999999982, 0.040001000000000175, 0.26999800000000107, 1-15-2011
0.3999999999999986, 0.26999800000000107, 0.2200009999999999, -0.019999999999999574, 1-16-2011
0.23999999999999844, -0.019999999999999574, 0.010000000000001563, -0.010000000000001563, 1-17-2011
0.2900010000000002, -0.010000000000001563, 0.010000000000001563, -0.30000100000000174, 1-18-2011
0.5399989999999981, -0.30000100000000174, 0.08999999999999986, -0.08999999999999986, 1-19-2011
0.6099980000000009, -0.08999999999999986, 0.030000999999998612, -0.00999999999999801, 1-20-2011
0.4200000000000017, -0.00999999999999801, 0.0, 0.07999900000000082, 2-1-2011
0.23999999999999844, 0.07999900000000082, -0.1499990000000011, 0.16000000000000014, 2-2-2011
0.3500009999999989, 0.16000000000000014, -0.1000009999999989, 0.21000099999999833, 2-3-2011
0.2700010000000006, 0.21000099999999833, 0.05999999999999872, -0.04999899999999968, 2-4-2011
0.23000199999999893, -0.04999899999999968, -0.040001000000000175, -0.010000999999999038, 2-5-2011
0.28000000000000114, -0.010000999999999038, -0.10999800000000093, -0.07000199999999879, 2-6-2011
0.17999999999999972, -0.07000199999999879, -0.02999900000000011, 0.36999899999999997, 2-7-2011
0.48999999999999844, 0.36999899999999997, -0.16999999999999815, 0.13000100000000003, 2-8-2011
0.33000000000000185, 0.13000100000000003, -0.13000100000000003, -0.059999000000001246, 2-9-2011
0.2999989999999997, -0.059999000000001246, -0.08999999999999986, -0.02999900000000011, 2-10-2011
0.26999800000000107, -0.02999900000000011, 0.11999899999999997, 0.17999999999999972, 2-11-2011
0.4499990000000018, 0.17999999999999972, -0.07000000000000028, 0.28999900000000167, 2-12-2011
0.38999899999999954, 0.28999900000000167, 0.12000099999999847, 0.04999899999999968, 2-13-2011
0.19999899999999826, 0.04999899999999968, -0.18999799999999922, -0.14000199999999907, 2-14-2011
0.46000099999999833, -0.14000199999999907, -0.10999800000000093, -0.5500010000000017, 2-15-2011
0.7099989999999998, -0.5500010000000017, -0.04999999999999716, 0.19000099999999875, 2-16-2011
0.37999900000000153, 0.19000099999999875, 0.2299989999999994, 0.3400010000000009, 2-17-2011
0.5400010000000002, 0.3400010000000009, -0.11000100000000046, -0.2800009999999986, 2-18-2011
0.4699990000000014, -0.2800009999999986, 0.14000199999999907, -0.22000200000000092, 2-19-2011
0.34000099999999733, -0.22000200000000092, 0.030001000000002165, 0.06999999999999673, 3-1-2011
0.30000100000000174, 0.06999999999999673, 0.1700000000000017, 0.13000100000000003, 3-2-2011
0.22999900000000295, 0.13000100000000003, 0.08999800000000135, -0.3200000000000003, 3-3-2011
0.6799999999999997, -0.3200000000000003, 0.1300019999999975, -0.48000199999999893, 3-4-2011
0.6600000000000001, -0.48000199999999893, 0.05000100000000174, -0.13000100000000003, 3-5-2011
0.240000000000002, -0.13000100000000003, -0.049999000000003235, 0.12000100000000202, 3-6-2011
0.3999990000000011, 0.12000100000000202, -0.26000000000000156, -0.14999999999999858, 3-7-2011
0.3000009999999982, -0.14999999999999858, -0.16000199999999865, 0.24000199999999694, 3-8-2011
0.34999799999999937, 0.24000199999999694, -0.21000099999999833, 0.17999999999999972, 3-9-2011
0.25999800000000306, 0.17999999999999972, -0.6099999999999994, -0.05000000000000071, 3-10-2011
0.31999999999999673, -0.05000000000000071, -0.1499990000000011, -0.22000199999999737, 3-11-2011
0.6600019999999986, -0.22000199999999737, 0.21000099999999833, -0.120000000000001, 3-12-2011
0.26000000000000156, -0.120000000000001, 0.08000000000000185, -0.05000000000000071, 3-13-2011
0.27000099999999705, -0.05000000000000071, -0.030000000000001137, 0.2900010000000002, 3-14-2011
0.509999999999998, 0.2900010000000002, -0.010000999999999038, -0.030000000000001137, 3-15-2011
0.2299989999999994, -0.030000000000001137, -0.05999999999999872, 0.20000100000000032, 3-16-2011
0.3500009999999989, 0.20000100000000032, 0.2199990000000014, -0.13000100000000003, 3-17-2011
0.22999900000000295, -0.13000100000000003, -0.08000000000000185, 0.07000199999999879, 3-18-2011
0.3900010000000016, 0.07000199999999879, 0.07000000000000028, -0.1000009999999989, 3-19-2011
0.33000000000000185, -0.1000009999999989, -0.07000000000000028, 0.010000999999999038, 3-20-2011
0.31000099999999975, 0.010000999999999038, 0.1399990000000031, 0.03999899999999812, 3-21-2011
0.34999799999999937, 0.03999899999999812, -0.16999799999999965, -0.11000100000000046, 3-22-2011
0.4299999999999997, -0.11000100000000046, 0.19999900000000181, -0.6600000000000001, 3-23-2011
0.8200000000000003, -0.6600000000000001, 0.07000199999999879, -0.30000100000000174, 4-1-2011
0.4399979999999992, -0.30000100000000174, 0.10000000000000142, 0.11999899999999997, 4-2-2011
0.33000000000000185, 0.11999899999999997, 0.15000200000000063, 0.08999999999999986, 4-3-2011
0.2400020000000005, 0.08999999999999986, -0.030000999999998612, 0.1100009999999969, 4-4-2011
0.2699999999999996, 0.1100009999999969, 0.010000000000001563, -0.0200010000000006, 4-5-2011
0.25, -0.0200010000000006, 0.05000000000000071, 0.050000999999998186, 4-6-2011
0.19000099999999875, 0.050000999999998186, -0.1100009999999969, -0.25, 4-7-2011
0.37999900000000153, -0.25, 0.11999899999999997, -0.09999800000000292, 4-8-2011
0.23000199999999893, -0.09999800000000292, -0.14000199999999907, -0.059999000000001246, 4-9-2011
0.25, -0.059999000000001246, 0.020000000000003126, 0.14999999999999858, 4-10-2011
0.2199990000000014, 0.14999999999999858, -0.2199990000000014, 0.08999999999999986, 4-11-2011
0.2899989999999981, 0.08999999999999986, 0.049999000000003235, 0.19000099999999875, 4-12-2011
0.35999900000000196, 0.19000099999999875, 1.3499979999999994, 0.20000100000000032, 4-13-2011
0.5, 0.20000100000000032, -0.0200010000000006, 0.07000000000000028, 4-14-2011
0.2999989999999997, 0.07000000000000028, -0.08999800000000135, 0.5700000000000003, 4-15-2011
0.6800000000000033, 0.5700000000000003, -0.12000099999999847, 0.6600000000000001, 4-16-2011
0.7200019999999974, 0.6600000000000001, 0.06000099999999975, 0.08999800000000135, 4-17-2011
0.3500000000000014, 0.08999800000000135, -0.1799980000000012, 0.34999799999999937, 4-18-2011
0.41999999999999815, 0.34999799999999937, 0.0, 0.3500009999999989, 4-19-2011
0.5600019999999972, 0.3500009999999989, -0.129999999999999, -0.10999999999999943, 4-20-2011
0.37000099999999847, -0.10999999999999943, -0.1000009999999989, 0.4200009999999992, 5-1-2011
0.7899989999999981, 0.4200009999999992, -0.18000100000000074, 0.4500010000000003, 5-2-2011
0.8399999999999999, 0.4500010000000003, -0.07000000000000028, 0.18000100000000074, 5-3-2011
0.6900009999999988, 0.18000100000000074, -0.15000200000000063, -0.20999899999999982, 5-4-2011
0.46000099999999833, -0.20999899999999982, -0.12000099999999847, -0.36999899999999997, 5-5-2011
0.5500010000000017, -0.36999899999999997, 0.08999999999999986, 0.1800009999999972, 5-6-2011
0.38000100000000003, 0.1800009999999972, 0.26000000000000156, 0.11999899999999997, 5-7-2011
0.4299980000000012, 0.11999899999999997, -0.16000000000000014, 0.4599989999999998, 5-8-2011
0.5999999999999979, 0.4599989999999998, -0.04999899999999968, -0.25, 5-9-2011
0.4399979999999992, -0.25, -0.08999999999999986, 0.31999899999999926, 5-10-2011
0.6800010000000007, 0.31999899999999926, -0.26999800000000107, 0.1799980000000012, 5-11-2011
0.490000000000002, 0.1799980000000012, 0.05000100000000174, 0.2799990000000001, 5-12-2011
0.43999900000000025, 0.2799990000000001, -0.5599990000000012, 0.2200009999999999, 5-13-2011
0.6699999999999982, 0.2200009999999999, -0.08000200000000035, -0.23999999999999844, 5-14-2011
0.3900010000000016, -0.23999999999999844, -0.2999989999999997, -0.059999000000001246, 5-15-2011
0.27000099999999705, -0.059999000000001246, 0.02999799999999908, -0.2799979999999991, 5-16-2011
0.3200000000000003, -0.2799979999999991, -0.09000100000000089, 0.16000000000000014, 5-17-2011
0.41999999999999815, 0.16000000000000014, -0.059999000000001246, -0.12000099999999847, 5-18-2011
0.18999799999999922, -0.12000099999999847, -0.040001000000000175, -0.25, 5-19-2011
0.4099989999999991, -0.25, 0.2400020000000005, 0.059999000000001246, 5-20-2011
0.31999899999999926, 0.059999000000001246, -0.059999000000001246, -0.4500010000000003, 5-21-2011
0.5, -0.4500010000000003, 0.010000000000001563, 0.0799999999999983, 6-1-2011
0.46999899999999784, 0.0799999999999983, -0.2999989999999997, -0.06000099999999975, 6-2-2011
0.4299999999999997, -0.06000099999999975, 0.00999999999999801, 0.08999999999999986, 6-3-2011
0.2900010000000002, 0.08999999999999986, 0.21000100000000188, 0.01999800000000107, 6-4-2011
0.44000099999999875, 0.01999800000000107, -0.10000000000000142, -0.13999899999999954, 6-5-2011
0.3999990000000011, -0.13999899999999954, 0.050000999999998186, -0.1100009999999969, 6-6-2011
0.30999900000000125, -0.1100009999999969, -0.030000000000001137, -0.3500009999999989, 6-7-2011
0.5399989999999981, -0.3500009999999989, 0.050000999999998186, -0.040001000000000175, 6-8-2011
0.3199990000000028, -0.040001000000000175, 0.21000100000000188, 0.21999999999999886, 6-9-2011
0.370001000000002, 0.21999999999999886, -0.14000000000000057, -0.259999999999998, 6-10-2011
0.4299999999999997, -0.259999999999998, 0.03999899999999812, -0.03999899999999812, 6-11-2011
0.5200010000000006, -0.03999899999999812, 0.259999999999998, -0.48999900000000096, 6-12-2011
0.6099999999999994, -0.48999900000000096, 0.0, 0.13999899999999954, 6-13-2011
0.25, 0.13999899999999954, 0.12999900000000153, 0.19000099999999875, 6-14-2011
0.47000199999999737, 0.19000099999999875, -0.1099989999999984, -0.1400010000000016, 6-15-2011
0.23000199999999893, -0.1400010000000016, -0.19999899999999826, 0.5099979999999995, 6-16-2011
0.6600000000000001, 0.5099979999999995, -0.09999799999999937, -0.41000000000000014, 6-17-2011
0.5599999999999987, -0.41000000000000014, -0.030000999999998612, 0.16999999999999815, 6-18-2011
0.4800000000000004, 0.16999999999999815, 0.08000000000000185, 0.06999999999999673, 6-19-2011
0.2800009999999986, 0.06999999999999673, 0.040001000000000175, -0.14000199999999907, 6-20-2011
0.26000099999999904, -0.14000199999999907, 0.09000100000000089, 0.6799999999999997, 6-21-2011
0.739999000000001, 0.6799999999999997, 0.04999899999999968, 0.3200019999999988, 6-22-2011
0.4799999999999969, 0.3200019999999988, 0.16000000000000014, -0.25, 7-1-2011
0.3299999999999983, -0.25, 0.010000000000001563, 0.2999989999999997, 7-2-2011
0.37999900000000153, 0.2999989999999997, 0.13999899999999954, 0.3400010000000009, 7-3-2011
0.5299979999999991, 0.3400010000000009, -0.2700010000000006, 0.13000100000000003, 7-4-2011
0.39000199999999907, 0.13000100000000003, -0.25, 0.010000000000001563, 7-5-2011
0.25, 0.010000000000001563, -0.22999900000000295, -0.16999999999999815, 7-6-2011
0.47999900000000295, -0.16999999999999815, 0.11999899999999997, -0.08999999999999986, 7-7-2011
0.41000000000000014, -0.08999999999999986, 0.07999900000000082, -0.28999900000000167, 7-8-2011
0.4900020000000005, -0.28999900000000167, 0.0, 0.1000009999999989, 7-9-2011
0.35999800000000093, 0.1000009999999989, -0.0799999999999983, -0.010000000000001563, 7-10-2011
0.3500000000000014, -0.010000000000001563, 0.16000000000000014, 0.6199980000000025, 7-11-2011
0.6599990000000027, 0.6199980000000025, 0.040001000000000175, -0.11000000000000298, 7-12-2011
0.3199990000000028, -0.11000000000000298, -0.639999999999997, 0.4599989999999998, 7-13-2011
0.7099989999999998, 0.4599989999999998, 0.1300019999999975, 0.18999800000000278, 7-14-2011
0.4699990000000014, 0.18999800000000278, -0.18999800000000278, 0.08999999999999986, 7-15-2011
0.48000199999999893, 0.08999999999999986, 0.0, -0.13000100000000003, 7-16-2011
0.3200000000000003, -0.13000100000000003, -0.25, -0.11999899999999997, 7-17-2011
0.3999999999999986, -0.11999899999999997, -0.060001999999997224, 0.0799999999999983, 7-18-2011
0.5499990000000032, 0.0799999999999983, -0.19999899999999826, -0.020000000000003126, 7-19-2011
0.4000019999999971, -0.020000000000003126, 0.240000000000002, -0.33000000000000185, 7-20-2011
0.7900010000000002, -0.33000000000000185, -0.22999999999999687, -0.2900010000000002, 8-1-2011
0.48000199999999893, -0.2900010000000002, -0.11999899999999997, 0.20999899999999982, 8-2-2011
0.619999, 0.20999899999999982, -0.33999999999999986, -0.619999, 8-3-2011
0.9699990000000014, -0.619999, 0.14999999999999858, -0.20999899999999982, 8-4-2011
0.9900020000000005, -0.20999899999999982, -0.5500010000000017, -0.12999899999999798, 8-5-2011
0.7900010000000002, -0.12999899999999798, 0.16999999999999815, 0.3199990000000028, 8-6-2011
1.100000999999999, 0.3199990000000028, -0.33000000000000185, -0.33999999999999986, 8-7-2011
0.740000000000002, -0.33999999999999986, 0.20999899999999982, 0.620001000000002, 8-8-2011
0.9299999999999997, 0.620001000000002, 0.02000099999999705, -0.13000100000000003, 8-9-2011
0.3500009999999989, -0.13000100000000003, 0.10000000000000142, 0.13999899999999954, 8-10-2011
0.3000009999999982, 0.13999899999999954, -0.1499990000000011, 0.05000100000000174, 8-11-2011
0.5700000000000003, 0.05000100000000174, -0.21000100000000188, 0.09000000000000341, 8-12-2011
0.5800000000000018, 0.09000000000000341, -0.5200000000000031, -0.379999999999999, 8-13-2011
0.630001, -0.379999999999999, -0.15999899999999911, -0.4200000000000017, 8-14-2011
0.7999989999999997, -0.4200000000000017, 0.35999800000000093, -0.16999999999999815, 8-15-2011
0.41999999999999815, -0.16999999999999815, -0.01999800000000107, 0.34999799999999937, 8-16-2011
0.41000000000000014, 0.34999799999999937, -0.12999900000000153, 0.2199990000000014, 8-17-2011
0.5099980000000031, 0.2199990000000014, 0.030000999999998612, -0.4099999999999966, 8-18-2011
0.47999900000000295, -0.4099999999999966, 0.00999999999999801, 0.33999999999999986, 8-19-2011
0.6999990000000018, 0.33999999999999986, 0.17000099999999918, 0.35999800000000093, 8-20-2011
0.47999900000000295, 0.35999800000000093, -0.10999800000000093, 0.04999899999999968, 8-21-2011
0.4299999999999997, 0.04999899999999968, -0.00999999999999801, -0.1000009999999989, 8-22-2011
0.39000000000000057, -0.1000009999999989, 0.15000199999999708, -0.2900010000000002, 8-23-2011
0.360000000000003, -0.2900010000000002, -0.19000099999999875, -0.16000000000000014, 9-1-2011
0.35999999999999943, -0.16000000000000014, -0.38999899999999954, 0.2900010000000002, 9-2-2011
0.41999999999999815, 0.2900010000000002, 0.4799989999999994, 0.05999999999999872, 9-3-2011
0.2799979999999991, 0.05999999999999872, -0.030000999999998612, -0.1499990000000011, 9-4-2011
0.48999999999999844, -0.1499990000000011, -0.14999999999999858, -0.04999899999999968, 9-5-2011
0.5599990000000012, -0.04999899999999968, -0.1700000000000017, 0.75, 9-6-2011
0.7700010000000006, 0.75, 0.03999900000000167, 0.4400000000000013, 9-7-2011
0.6900009999999988, 0.4400000000000013, 0.12999899999999798, 0.23000199999999893, 9-8-2011
0.6900009999999988, 0.23000199999999893, 0.18999800000000278, 0.23000199999999893, 9-9-2011
0.4500010000000003, 0.23000199999999893, 0.1099989999999984, 0.3199990000000028, 9-10-2011
0.6600000000000001, 0.3199990000000028, -0.19999900000000181, 0.16000000000000014, 9-11-2011
0.4299999999999997, 0.16000000000000014, 0.05999999999999872, 0.21000100000000188, 9-12-2011
0.6099980000000009, 0.21000100000000188, -0.0200010000000006, -0.23999900000000096, 9-13-2011
0.6000000000000014, -0.23999900000000096, -0.39000199999999907, 0.07000199999999879, 9-14-2011
0.5599999999999987, 0.07000199999999879, -0.23000199999999893, 0.7700010000000006, 9-15-2011
1.0500009999999982, 0.7700010000000006, 0.0, 0.0799999999999983, 9-16-2011
0.6499999999999986, 0.0799999999999983, 0.26000000000000156, 0.040001000000000175, 9-17-2011
0.609999000000002, 0.040001000000000175, 0.07000000000000028, -0.3000019999999992, 9-18-2011
0.41000000000000014, -0.3000019999999992, 0.07000000000000028, -0.1700000000000017, 9-19-2011
0.729999000000003, -0.1700000000000017, -0.2799990000000001, -0.5899999999999999, 9-20-2011
0.740000000000002, -0.5899999999999999, -0.16000000000000014, -0.5599990000000012, 9-21-2011
0.8299999999999983, -0.5599990000000012, -0.16999999999999815, 0.7699980000000011, 10-1-2011
0.870000000000001, 0.7699980000000011, 0.030000999999998612, 0.6000000000000014, 10-2-2011
0.9100000000000001, 0.6000000000000014, 0.07000000000000028, 0.1100009999999969, 10-3-2011
0.379998999999998, 0.1100009999999969, 0.03999900000000167, 0.2200009999999999, 10-4-2011
0.5899999999999999, 0.2200009999999999, 0.18999900000000025, 0.3999990000000011, 10-5-2011
0.41999999999999815, 0.3999990000000011, -0.11999899999999997, 0.22999999999999687, 10-6-2011
0.38999899999999954, 0.22999999999999687, 0.010000000000001563, 0.12000099999999847, 10-7-2011
0.3000009999999982, 0.12000099999999847, -0.1000009999999989, 0.36999899999999997, 10-8-2011
0.5, 0.36999899999999997, 0.050001999999999214, 0.059999000000001246, 10-9-2011
0.25, 0.059999000000001246, -0.17999999999999972, -0.03999900000000167, 10-10-2011
0.4600010000000019, -0.03999900000000167, -0.1100009999999969, 0.22999999999999687, 10-11-2011
0.41999999999999815, 0.22999999999999687, 0.610000000000003, 0.22999999999999687, 10-12-2011
0.6399989999999995, 0.22999999999999687, -0.3600009999999969, -0.26999800000000107, 10-13-2011
0.5299990000000001, -0.26999800000000107, 0.25, 0.16999999999999815, 10-14-2011
0.4500010000000003, 0.16999999999999815, 0.01999800000000107, 0.5400010000000002, 10-15-2011
0.7700010000000006, 0.5400010000000002, -0.12000099999999847, 0.16000000000000014, 10-16-2011
0.4600010000000019, 0.16000000000000014, 0.16999999999999815, -0.09999799999999937, 10-17-2011
0.5, -0.09999799999999937, 0.2299989999999994, 0.19999900000000181, 10-18-2011
0.3500009999999989, 0.19999900000000181, -0.25999800000000306, 0.10999900000000196, 10-19-2011
0.3000009999999982, 0.10999900000000196, -0.41000000000000014, -0.02999900000000011, 10-20-2011
0.43000000000000327, -0.02999900000000011, -0.4299999999999997, -0.21000100000000188, 10-21-2011
0.5300000000000011, -0.21000100000000188, 0.120000000000001, -0.16999999999999815, 11-1-2011
0.5100000000000016, -0.16999999999999815, -0.059999000000001246, 0.41000000000000014, 11-2-2011
0.9499990000000018, 0.41000000000000014, -0.16000000000000014, -0.30000100000000174, 11-3-2011
0.41000000000000014, -0.30000100000000174, -0.03999899999999812, 0.5799999999999983, 11-4-2011
0.6799999999999997, 0.5799999999999983, 0.19999900000000181, 0.2699999999999996, 11-5-2011
0.509999999999998, 0.2699999999999996, -0.5100000000000016, -0.3999999999999986, 11-6-2011
0.5200010000000006, -0.3999999999999986, 0.2999989999999997, -0.0799999999999983, 11-7-2011
0.5100000000000016, -0.0799999999999983, 0.25, 0.5400010000000002, 11-8-2011
0.6000009999999989, 0.5400010000000002, -0.06999900000000281, -0.15000199999999708, 11-9-2011
0.41999999999999815, -0.15000199999999708, 0.030000999999998612, 0.6799999999999997, 11-10-2011
0.8399980000000014, 0.6799999999999997, -0.21000099999999833, -0.18999800000000278, 11-11-2011
0.6200009999999985, -0.18999800000000278, -0.040001000000000175, -0.5599999999999987, 11-12-2011
0.8300000000000018, -0.5599999999999987, -0.16999999999999815, 0.12000099999999847, 11-13-2011
0.41000000000000014, 0.12000099999999847, -0.26000000000000156, -0.46000099999999833, 11-14-2011
0.7999999999999972, -0.46000099999999833, -0.19000099999999875, -0.1399990000000031, 11-15-2011
0.44000099999999875, -0.1399990000000031, -0.19999899999999826, -0.33999999999999986, 11-16-2011
0.4499980000000008, -0.33999999999999986, -0.15000200000000063, 0.18000100000000074, 11-17-2011
0.7099989999999998, 0.18000100000000074, 0.5500009999999982, 0.1799980000000012, 11-18-2011
0.3200000000000003, 0.1799980000000012, 0.030000999999998612, 0.08999999999999986, 11-19-2011
0.4799999999999969, 0.08999999999999986, 0.7000010000000003, 0.6299990000000015, 11-20-2011
0.7100009999999983, 0.6299990000000015, -0.03999900000000167, 0.049999000000003235, 11-21-2011
0.5699990000000028, 0.049999000000003235, 0.08999999999999986, -0.370001000000002, 12-1-2011
0.5399989999999981, -0.370001000000002, 0.39000199999999907, -0.02000099999999705, 12-2-2011
0.41000000000000014, -0.02000099999999705, 0.0799999999999983, 0.26000000000000156, 12-3-2011
0.4800000000000004, 0.26000000000000156, -0.020000000000003126, 0.33000000000000185, 12-4-2011
0.6500019999999971, 0.33000000000000185, -0.20999899999999982, -0.7400020000000005, 12-5-2011
0.9000019999999971, -0.7400020000000005, -0.2999989999999997, 0.6000000000000014, 12-6-2011
0.7200009999999999, 0.6000000000000014, -0.8300000000000018, -0.17999999999999972, 12-7-2011
0.6799999999999997, -0.17999999999999972, 0.04999899999999968, -0.48999999999999844, 12-8-2011
0.6399989999999995, -0.48999999999999844, -0.07999900000000082, -0.17000099999999918, 12-9-2011
0.4200000000000017, -0.17000099999999918, 0.27000099999999705, -0.27000099999999705, 12-10-2011
0.4200000000000017, -0.27000099999999705, 0.16000000000000014, -0.23999900000000096, 12-11-2011
0.6599989999999991, -0.23999900000000096, 0.15999899999999911, -0.2899989999999981, 12-12-2011
0.43000100000000074, -0.2899989999999981, 0.389999999999997, 0.3500000000000014, 12-13-2011
0.5399990000000017, 0.3500000000000014, 0.11000100000000046, -0.2700010000000006, 12-14-2011
0.6600000000000001, -0.2700010000000006, 0.14999999999999858, 0.19000000000000128, 12-15-2011
0.33999999999999986, 0.19000000000000128, 0.10999900000000196, 0.27000099999999705, 12-16-2011
0.3599989999999984, 0.27000099999999705, 0.05000100000000174, 0.10999800000000093, 12-17-2011
0.30000100000000174, 0.10999800000000093, -0.03999900000000167, -0.28999999999999915, 12-18-2011
0.37999900000000153, -0.28999999999999915, 0.13000100000000003, 0.18999799999999922, 12-19-2011
0.2999989999999997, 0.18999799999999922, -0.11999899999999997, -0.17999999999999972, 12-20-2011
0.5, -0.0799999999999983, 0.02999900000000011, 0.5400010000000002, 1-1-2012
0.5999980000000029, 0.5400010000000002, -0.050001999999999214, 0.34000099999999733, 1-2-2012
0.4700009999999999, 0.34000099999999733, -0.19000099999999875, 0.040001000000000175, 1-3-2012
0.389999999999997, 0.040001000000000175, 0.14999999999999858, 0.06999900000000281, 1-4-2012
0.33999999999999986, 0.06999900000000281, 0.23999999999999844, -0.11999899999999997, 1-5-2012
0.41000000000000014, -0.11999899999999997, -0.16000000000000014, 0.36999899999999997, 1-6-2012
0.5499989999999997, 0.36999899999999997, 0.05000100000000174, -0.10000000000000142, 1-7-2012
0.3599989999999984, -0.10000000000000142, -0.059999000000001246, -0.5500019999999992, 1-8-2012
0.619999, -0.5500019999999992, 0.040001000000000175, -0.13999899999999954, 1-9-2012
0.4300009999999972, -0.13999899999999954, 0.08999800000000135, 0.259999999999998, 1-10-2012
0.46999999999999886, 0.259999999999998, 0.13000100000000003, 0.10999900000000196, 1-11-2012
0.30999900000000125, 0.10999900000000196, 0.24000199999999694, 0.5099980000000031, 1-12-2012
0.9699990000000014, 0.5099980000000031, -0.02999900000000011, 0.3599989999999984, 1-13-2012
0.5499989999999997, 0.3599989999999984, -0.009997999999999507, 0.19999899999999826, 1-14-2012
0.36999899999999997, 0.19999899999999826, -0.05999999999999872, 0.05999999999999872, 1-15-2012
0.4500010000000003, 0.05999999999999872, 0.05000100000000174, -0.20000100000000032, 1-16-2012
0.3999999999999986, -0.20000100000000032, -0.08999999999999986, 0.07000000000000028, 1-17-2012
0.25, 0.07000000000000028, -0.21999999999999886, 0.22999999999999687, 1-18-2012
0.5299990000000001, 0.22999999999999687, 0.05000100000000174, -0.37000099999999847, 1-19-2012
0.5199980000000011, -0.37000099999999847, 0.31999999999999673, -0.19000099999999875, 1-20-2012
0.3299999999999983, -0.19000099999999875, 0.040001000000000175, -0.10000000000000142, 2-1-2012
0.2800009999999986, -0.10000000000000142, 0.18000000000000327, 0.06999999999999673, 2-2-2012
0.370001000000002, 0.06999999999999673, -0.19000099999999875, 0.1700000000000017, 2-3-2012
0.36999899999999997, 0.1700000000000017, -0.08999999999999986, 0.00999999999999801, 2-4-2012
0.3099999999999987, 0.00999999999999801, 0.0200010000000006, 0.19000000000000128, 2-5-2012
0.379998999999998, 0.19000000000000128, 0.05999999999999872, -0.04999899999999968, 2-6-2012
0.20999899999999982, -0.04999899999999968, -0.12000100000000202, -0.03999899999999812, 2-7-2012
0.33999999999999986, -0.03999899999999812, 0.12999899999999798, -0.12999899999999798, 2-8-2012
0.3200000000000003, -0.12999899999999798, -0.13000100000000003, 0.21000099999999833, 2-9-2012
0.2800009999999986, 0.21000099999999833, 0.09999800000000292, -0.29999900000000324, 2-10-2012
0.37999900000000153, -0.29999900000000324, -0.17999999999999972, 0.4299999999999997, 2-11-2012
0.6000009999999989, 0.4299999999999997, 0.030001000000002165, 0.509999999999998, 2-12-2012
0.6799999999999997, 0.509999999999998, -0.030000999999998612, -0.17999999999999972, 2-13-2012
0.3600009999999969, -0.17999999999999972, -0.1000009999999989, -0.3299990000000008, 2-14-2012
0.8399999999999999, -0.3299990000000008, -0.17000099999999918, 0.1000009999999989, 2-15-2012
0.510000999999999, 0.1000009999999989, 0.059999000000001246, -0.01999800000000107, 2-16-2012
0.34999799999999937, -0.01999800000000107, -0.18000100000000074, 0.36999899999999997, 2-17-2012
0.75, 0.36999899999999997, 0.040001000000000175, 0.3099999999999987, 2-18-2012
0.4799989999999994, 0.3099999999999987, 0.010000000000001563, -0.37000099999999847, 2-19-2012
0.4599989999999998, -0.37000099999999847, 0.17999999999999972, -0.1999980000000008, 2-20-2012
0.4299999999999997, -0.1999980000000008, 0.03999899999999812, 0.020000000000003126, 3-1-2012
0.26000099999999904, 0.020000000000003126, -0.010000000000001563, -0.36999899999999997, 3-2-2012
0.5499989999999997, -0.36999899999999997, -0.2900010000000002, 0.36000100000000046, 3-3-2012
0.4299980000000012, 0.36000100000000046, -0.030001000000002165, 0.33000000000000185, 3-4-2012
0.4800000000000004, 0.33000000000000185, 0.08999999999999986, -0.16000000000000014, 3-5-2012
0.2900010000000002, -0.16000000000000014, 0.1000009999999989, 0.12999900000000153, 3-6-2012
0.29999900000000324, 0.12999900000000153, -0.07000000000000028, -0.010000000000001563, 3-7-2012
0.16999999999999815, -0.010000000000001563, 0.13000100000000003, 0.36999899999999997, 3-8-2012
0.37999900000000153, 0.36999899999999997, -0.03999899999999812, 0.009997999999999507, 3-9-2012
0.5599999999999987, 0.009997999999999507, 0.040001000000000175, 0.25, 3-10-2012
0.4200000000000017, 0.25, 0.07000000000000028, -0.08999999999999986, 3-11-2012
0.2599979999999995, -0.08999999999999986, -0.07000000000000028, 0.0799999999999983, 3-12-2012
0.3599989999999984, 0.0799999999999983, -0.08999999999999986, 0.10000000000000142, 3-13-2012
0.34000099999999733, 0.10000000000000142, 0.040001000000000175, -0.010000000000001563, 3-14-2012
0.18999799999999922, -0.010000000000001563, -0.050000999999998186, 0.16999999999999815, 3-15-2012
0.33999999999999986, 0.16999999999999815, 0.040001000000000175, -0.060001999999997224, 3-16-2012
0.3099999999999987, -0.060001999999997224, 0.13000100000000003, 0.1800009999999972, 3-17-2012
0.30000100000000174, 0.1800009999999972, 0.04999899999999968, -0.04999899999999968, 3-18-2012
0.21000099999999833, -0.04999899999999968, -0.060001999999997224, -0.33000000000000185, 3-19-2012
0.4500010000000003, -0.33000000000000185, -0.04999899999999968, 0.41000000000000014, 3-20-2012
0.509999999999998, 0.41000000000000014, 0.2299989999999994, -0.26999800000000107, 3-21-2012
0.43000100000000074, -0.26999800000000107, -0.0799999999999983, 0.33999800000000135, 3-22-2012
0.4600010000000019, 0.33999800000000135, -0.07000000000000028, -0.1999980000000008, 4-1-2012
0.41999999999999815, -0.1999980000000008, -0.240000000000002, 0.059999000000001246, 4-2-2012
0.4300009999999972, 0.059999000000001246, -0.059999000000001246, 0.19999900000000181, 4-3-2012
0.30000100000000174, 0.19999900000000181, -0.33999999999999986, 0.030000000000001137, 4-4-2012
0.3099999999999987, 0.030000000000001137, -0.059999000000001246, -0.25, 4-5-2012
0.4500010000000003, -0.25, 0.2299989999999994, 0.1700000000000017, 4-6-2012
0.37000099999999847, 0.1700000000000017, 0.11999899999999997, 0.510000999999999, 4-7-2012
0.5899999999999999, 0.510000999999999, -0.129999999999999, -0.26000000000000156, 4-8-2012
0.30999900000000125, -0.26000000000000156, 0.1700000000000017, 0.14999999999999858, 4-9-2012
0.41000000000000014, 0.14999999999999858, 0.040001000000000175, 0.01999800000000107, 4-10-2012
0.37000099999999847, 0.01999800000000107, -0.8899990000000031, 0.370001000000002, 4-11-2012
0.6500020000000006, 0.370001000000002, -0.08000000000000185, -0.17999999999999972, 4-12-2012
0.6499990000000011, -0.17999999999999972, 0.029998000000002634, -0.11999899999999997, 4-13-2012
0.3999990000000011, -0.11999899999999997, -0.2700000000000031, 0.12000100000000202, 4-14-2012
0.33000000000000185, 0.12000100000000202, -0.1000009999999989, -0.040001000000000175, 4-15-2012
0.360000000000003, -0.040001000000000175, 0.12000099999999847, 0.43000100000000074, 4-16-2012
0.5599999999999987, 0.43000100000000074, -0.06000200000000078, 0.4200000000000017, 4-17-2012
0.5499989999999997, 0.4200000000000017, -0.10999800000000093, 0.26999800000000107, 4-18-2012
0.4300009999999972, 0.26999800000000107, 0.040001000000000175, -0.020000000000003126, 4-19-2012
0.25, -0.020000000000003126, 0.06999900000000281, 0.48000199999999893, 4-20-2012
0.6799980000000012, 0.48000199999999893, -0.13000100000000003, 0.35999999999999943, 5-1-2012
0.5500009999999982, 0.35999999999999943, 0.08000000000000185, -0.7000010000000003, 5-2-2012
0.8499999999999979, -0.7000010000000003, -0.23999900000000096, -0.4200000000000017, 5-3-2012
0.5399990000000017, -0.4200000000000017, -0.07000000000000028, -0.06999999999999673, 5-4-2012
0.33000000000000185, -0.06999999999999673, -0.28000000000000114, -0.10999900000000196, 5-5-2012
0.5899999999999999, -0.10999900000000196, -0.2900010000000002, 0.11000100000000046, 5-6-2012
0.6000000000000014, 0.11000100000000046, 0.1499990000000011, -0.10000000000000142, 5-7-2012
0.5, -0.10000000000000142, 0.020000000000003126, 0.36999899999999997, 5-8-2012
0.75, 0.36999899999999997, -0.2799990000000001, -0.33000000000000185, 5-9-2012
0.520000999999997, -0.33000000000000185, 0.02999900000000011, -0.16999999999999815, 5-10-2012
0.4299999999999997, -0.16999999999999815, 0.030000999999998612, -0.41000000000000014, 5-11-2012
0.5, -0.41000000000000014, -0.030000999999998612, -0.27999800000000263, 5-12-2012
0.4699990000000014, -0.27999800000000263, 0.04999899999999968, -0.16999999999999815, 5-13-2012
0.5200010000000006, -0.16999999999999815, -0.010000999999999038, 0.09000099999999733, 5-14-2012
0.510000999999999, 0.09000099999999733, 0.120000000000001, -0.23999900000000096, 5-15-2012
0.5, -0.23999900000000096, -0.5600019999999972, -0.029998000000002634, 5-16-2012
0.5899999999999999, -0.029998000000002634, 0.12999900000000153, 0.0799999999999983, 5-17-2012
0.47000199999999737, 0.0799999999999983, 0.06999900000000281, 0.02000099999999705, 5-18-2012
0.28000000000000114, 0.02000099999999705, 0.30000100000000174, 0.04999899999999968, 5-19-2012
0.4599989999999998, 0.04999899999999968, -0.19000000000000128, 0.22999900000000295, 5-20-2012
0.39000199999999907, 0.22999900000000295, -0.3499980000000029, 0.059999000000001246, 5-21-2012
0.36999899999999997, 0.059999000000001246, -0.4400000000000013, -0.26000099999999904, 5-22-2012
0.5899980000000014, -0.26000099999999904, 0.14000199999999907, -0.23999999999999844, 6-1-2012
0.5200010000000006, -0.23999999999999844, 0.0, 0.38999899999999954, 6-2-2012
0.5700000000000003, 0.38999899999999954, 0.08000000000000185, 0.5599999999999987, 6-3-2012
0.6800010000000007, 0.5599999999999987, 0.3000009999999982, -0.4299999999999997, 6-4-2012
0.5400010000000002, -0.4299999999999997, -0.060001999999997224, 0.5300009999999986, 6-5-2012
0.629999999999999, 0.5300009999999986, 0.13999899999999954, -0.5599990000000012, 6-6-2012
0.6700000000000017, -0.5599990000000012, 0.13000100000000003, 0.3999990000000011, 6-7-2012
0.4900020000000005, 0.3999990000000011, -0.06000099999999975, 0.08000200000000035, 6-8-2012
0.5300009999999986, 0.08000200000000035, 0.03999899999999812, 0.40000000000000213, 6-9-2012
0.6399989999999995, 0.40000000000000213, 0.03999999999999915, 0.3200000000000003, 6-10-2012
0.5600019999999972, 0.3200000000000003, -0.04999899999999968, 0.12999900000000153, 6-11-2012
0.39000199999999907, 0.12999900000000153, 0.16999999999999815, -0.0799999999999983, 6-12-2012
0.37999900000000153, -0.0799999999999983, -0.030000000000001137, 0.15999899999999911, 6-13-2012
0.37000099999999847, 0.15999899999999911, -0.12999899999999798, -0.8000010000000017, 6-14-2012
0.9799989999999994, -0.8000010000000017, 0.1700000000000017, 0.060001999999997224, 6-15-2012
0.2899989999999981, 0.060001999999997224, -0.34000099999999733, -0.5500010000000017, 6-16-2012
0.770000999999997, -0.5500010000000017, 0.11000100000000046, -0.14999999999999858, 6-17-2012
0.5400010000000002, -0.14999999999999858, 0.1000009999999989, 0.10999800000000093, 6-18-2012
0.2800009999999986, 0.10999800000000093, -0.2199990000000014, -0.1700000000000017, 6-19-2012
0.5799999999999983, -0.1700000000000017, 0.4500010000000003, 0.36999899999999997, 6-20-2012
0.44000099999999875, 0.36999899999999997, -0.13999999999999702, 0.16000000000000014, 6-21-2012
0.3400010000000009, 0.16000000000000014, 0.04999899999999968, 0.14000199999999907, 7-1-2012
0.3000019999999992, 0.14000199999999907, -0.050001999999999214, -0.26000000000000156, 7-2-2012
0.4699990000000014, -0.26000000000000156, -0.10999800000000093, -0.2800009999999986, 7-3-2012
0.5700000000000003, -0.2800009999999986, -0.11000100000000046, 0.12000100000000202, 7-4-2012
0.3999999999999986, 0.12000100000000202, -0.3200000000000003, -0.2900010000000002, 7-5-2012
0.979999000000003, -0.2900010000000002, 0.010000999999999038, -0.18000100000000074, 7-6-2012
0.4000019999999971, -0.18000100000000074, -0.2299989999999994, -0.4200000000000017, 7-7-2012
0.490000000000002, -0.4200000000000017, 0.059999000000001246, 0.4500010000000003, 7-8-2012
0.629998999999998, 0.4500010000000003, -0.019999999999999574, -0.1000009999999989, 7-9-2012
0.30999900000000125, -0.1000009999999989, 0.20000099999999676, 0.049999000000003235, 7-10-2012
0.8099999999999987, 0.049999000000003235, -0.1799980000000012, 1.0099979999999995, 7-11-2012
1.370001000000002, 1.0099979999999995, 0.1400010000000016, -0.2900010000000002, 7-12-2012
0.5300000000000011, -0.2900010000000002, -0.18999800000000278, -0.3500009999999989, 7-13-2012
0.5, -0.3500009999999989, -0.4700009999999999, 0.21000100000000188, 7-14-2012
0.5600020000000008, 0.21000100000000188, -0.06999900000000281, -0.1800009999999972, 7-15-2012
0.4299980000000012, -0.1800009999999972, 0.00999999999999801, 0.10999900000000196, 7-16-2012
0.5300009999999986, 0.10999900000000196, 0.46000099999999833, -0.08999999999999986, 7-17-2012
0.5, -0.08999999999999986, 0.17999999999999972, 0.33999999999999986, 7-18-2012
0.6000009999999989, 0.33999999999999986, -0.03999999999999915, -0.21999999999999886, 7-19-2012
0.5200010000000006, -0.21999999999999886, 0.0, -0.059999000000001246, 7-20-2012
0.33999999999999986, -0.059999000000001246, 0.12999899999999798, 0.10000000000000142, 7-21-2012
0.3299999999999983, 0.10000000000000142, -0.19000000000000128, 0.1700000000000017, 8-1-2012
0.5800000000000018, 0.1700000000000017, 0.33999999999999986, -0.019999999999999574, 8-2-2012
0.370000000000001, -0.019999999999999574, -0.010000999999999038, 0.08999999999999986, 8-3-2012
0.35999800000000093, 0.08999999999999986, 0.14999999999999858, 0.040001000000000175, 8-4-2012
0.2899989999999981, 0.040001000000000175, -0.019999999999999574, 0.120000000000001, 8-5-2012
0.44000099999999875, 0.120000000000001, 0.03999899999999812, 0.06000200000000078, 8-6-2012
0.31999899999999926, 0.06000200000000078, 0.0, 0.1799980000000012, 8-7-2012
0.36999899999999997, 0.1799980000000012, -0.11999899999999997, -0.06999900000000281, 8-8-2012
0.41999999999999815, -0.06999900000000281, 0.10999800000000093, -0.31999899999999926, 8-9-2012
0.4299999999999997, -0.31999899999999926, -0.25, 0.03999999999999915, 8-10-2012
0.27999800000000263, 0.03999999999999915, 0.17000099999999918, 0.1499990000000011, 8-11-2012
0.3099999999999987, 0.1499990000000011, -0.019999999999999574, -0.240000000000002, 8-12-2012
0.4200000000000017, -0.240000000000002, -0.1100009999999969, 0.010000999999999038, 8-13-2012
0.22999999999999687, 0.010000999999999038, 0.09999999999999787, -0.21999899999999784, 8-14-2012
0.3500000000000014, -0.21999899999999784, -0.22000200000000092, -0.15999899999999911, 8-15-2012
0.3500000000000014, -0.15999899999999911, -0.15000000000000213, -0.5399989999999981, 8-16-2012
0.6600000000000001, -0.5399989999999981, 0.009997999999999507, -0.13999899999999954, 8-17-2012
0.36999899999999997, -0.13999899999999954, -0.04999899999999968, -0.0200010000000006, 8-18-2012
0.19000099999999875, -0.0200010000000006, -0.04999899999999968, 0.20999899999999982, 8-19-2012
0.33000000000000185, 0.20999899999999982, -0.07000000000000028, -0.259999999999998, 8-20-2012
0.41999799999999965, -0.259999999999998, -0.10000000000000142, -0.3000000000000007, 8-21-2012
0.48999900000000096, -0.3000000000000007, 0.23000000000000043, 0.3299999999999983, 8-22-2012
0.5199999999999996, 0.3299999999999983, 0.20000100000000032, -0.6100009999999969, 8-23-2012
0.7899990000000017, -0.6100009999999969, -0.020000000000003126, -0.010000999999999038, 9-1-2012
0.5899999999999999, -0.010000999999999038, 0.08000000000000185, 0.630001, 9-2-2012
0.6400010000000016, 0.630001, -0.9700009999999999, 0.060001999999997224, 9-3-2012
0.6900009999999988, 0.060001999999997224, -0.23999999999999844, -0.6900009999999988, 9-4-2012
1.4299999999999997, -0.6900009999999988, 0.03999899999999812, 0.040001000000000175, 9-5-2012
0.44999899999999826, 0.040001000000000175, 0.04999899999999968, -0.1999980000000008, 9-6-2012
0.520000999999997, -0.1999980000000008, -0.1800009999999972, 0.3500009999999989, 9-7-2012
0.5800000000000018, 0.3500009999999989, 0.08999999999999986, -0.08000000000000185, 9-8-2012
0.31000099999999975, -0.08000000000000185, -0.0799999999999983, 0.01999800000000107, 9-9-2012
0.2800009999999986, 0.01999800000000107, 0.0, 0.060001999999997224, 9-10-2012
0.38000100000000003, 0.060001999999997224, 0.12999900000000153, -0.3500000000000014, 9-11-2012
0.370001000000002, -0.3500000000000014, -0.05999999999999872, 0.08999999999999986, 9-12-2012
0.19000000000000128, 0.08999999999999986, 0.03999900000000167, -0.08999999999999986, 9-13-2012
0.259999999999998, -0.08999999999999986, -0.19999900000000181, -0.13000100000000003, 9-14-2012
0.43000100000000074, -0.13000100000000003, 0.15000200000000063, -0.41000000000000014, 9-15-2012
0.4599989999999998, -0.41000000000000014, 0.02999900000000011, 0.0799999999999983, 9-16-2012
0.2699999999999996, 0.0799999999999983, 0.11000000000000298, 0.3299999999999983, 9-17-2012
0.48999900000000096, 0.3299999999999983, -0.030000999999998612, -0.3999990000000011, 9-18-2012
0.4699990000000014, -0.3999990000000011, 0.08999999999999986, 0.010000000000001563, 9-19-2012
0.490000000000002, 0.010000000000001563, 0.12999899999999798, -0.04999899999999968, 10-1-2012
0.33999999999999986, -0.04999899999999968, 0.0200010000000006, -0.3100020000000008, 10-2-2012
0.47999900000000295, -0.3100020000000008, 0.030000999999998612, -0.1100009999999969, 10-3-2012
0.3500009999999989, -0.1100009999999969, 0.19000099999999875, 0.019999999999999574, 10-4-2012
0.3200000000000003, 0.019999999999999574, -0.059999000000001246, -0.1100009999999969, 10-5-2012
0.2200009999999999, -0.1100009999999969, -0.3500000000000014, -0.26000000000000156, 10-6-2012
0.34000099999999733, -0.26000000000000156, 0.0, -0.13999999999999702, 10-7-2012
0.2999989999999997, -0.13999999999999702, 0.1100009999999969, -0.19000099999999875, 10-8-2012
0.35999900000000196, -0.19000099999999875, -0.10000000000000142, -0.09999999999999787, 10-9-2012
0.45000000000000284, -0.09999999999999787, 0.050000999999998186, 0.19999900000000181, 10-10-2012
0.3999999999999986, 0.19999900000000181, 0.259999999999998, 0.360000000000003, 10-11-2012
0.5199980000000011, 0.360000000000003, -1.0800000000000018, 0.5200010000000006, 10-12-2012
0.7100000000000009, 0.5200010000000006, 0.02999900000000011, -0.14999999999999858, 10-13-2012
0.26000099999999904, -0.14999999999999858, 0.0, -0.40000000000000213, 10-14-2012
0.47000199999999737, -0.40000000000000213, 0.129999999999999, 0.059999000000001246, 10-15-2012
0.2700010000000006, 0.059999000000001246, -0.13999899999999954, 0.2699999999999996, 10-16-2012
0.4700009999999999, 0.2699999999999996, 0.14000000000000057, -0.2700010000000006, 10-17-2012
0.3299999999999983, -0.2700010000000006, 0.12000099999999847, 0.11000100000000046, 10-18-2012
0.23999999999999844, 0.11000100000000046, 0.07999900000000082, 0.18000100000000074, 10-19-2012
0.41999999999999815, 0.18000100000000074, 0.059999000000001246, -0.38000100000000003, 10-20-2012
0.5, -0.38000100000000003, 0.13000100000000003, 0.5, 10-21-2012
0.6900009999999988, 0.5, 0.12999899999999798, -0.3299999999999983, 11-1-2012
0.5200010000000006, -0.3299999999999983, -0.03999900000000167, -0.17999999999999972, 11-2-2012
0.39000199999999907, -0.17999999999999972, -0.10999999999999943, 0.0, 11-3-2012
0.37000099999999847, 0.0, -0.18999900000000025, -0.630001, 11-4-2012
0.6499990000000011, -0.630001, -0.010000000000001563, -0.07000000000000028, 11-5-2012
0.30999900000000125, -0.07000000000000028, -0.02000099999999705, -0.010000000000001563, 11-6-2012
0.33999999999999986, -0.010000000000001563, 0.08000000000000185, -0.10999900000000196, 11-7-2012
0.26000000000000156, -0.10999900000000196, -0.1999999999999993, -0.28999900000000167, 11-8-2012
0.6400000000000006, -0.28999900000000167, 0.1399990000000031, -0.4600010000000019, 11-9-2012
0.5499989999999997, -0.4600010000000019, 0.05000100000000174, 0.02000099999999705, 11-10-2012
0.31000099999999975, 0.02000099999999705, 0.03999900000000167, 0.12000099999999847, 11-11-2012
0.490000000000002, 0.12000099999999847, -0.20000100000000032, 0.26000000000000156, 11-12-2012
0.7200009999999999, 0.26000000000000156, -0.37000099999999847, -0.36999899999999997, 11-13-2012
0.5299990000000001, -0.36999899999999997, 0.00999999999999801, -0.15999899999999911, 11-14-2012
0.31999899999999926, -0.15999899999999911, 0.16999999999999815, 0.18999800000000278, 11-15-2012
0.3299999999999983, 0.18999800000000278, -0.029998000000002634, 0.1999980000000008, 11-16-2012
0.29999900000000324, 0.1999980000000008, 0.06000200000000078, -0.0200010000000006, 11-17-2012
0.27000099999999705, -0.0200010000000006, -0.040001000000000175, 0.20000100000000032, 11-18-2012
0.4700020000000009, 0.20000100000000032, -0.26000000000000156, -0.2999989999999997, 11-19-2012
0.5800020000000004, -0.2999989999999997, 0.09999800000000292, -0.059999000000001246, 11-20-2012
0.34999999999999787, -0.059999000000001246, 0.30999900000000125, -0.33999800000000135, 11-21-2012
0.4200000000000017, -0.33999800000000135, 0.08999800000000135, 0.33999999999999986, 12-1-2012
0.4399979999999992, 0.33999999999999986, -0.029998000000002634, -0.09000099999999733, 12-2-2012
0.28000000000000114, -0.09000099999999733, 0.13999999999999702, 0.1700000000000017, 12-3-2012
0.3200019999999988, 0.1700000000000017, 0.16999999999999815, -0.16999999999999815, 12-4-2012
0.33000000000000185, -0.16999999999999815, -0.010000000000001563, -0.07000000000000028, 12-5-2012
0.19000000000000128, -0.07000000000000028, 0.08000000000000185, 0.48999999999999844, 12-6-2012
0.5899999999999999, 0.48999999999999844, 0.21000100000000188, -0.19000099999999875, 12-7-2012
0.44999899999999826, -0.19000099999999875, -0.040001000000000175, -0.1399990000000031, 12-8-2012
0.47999900000000295, -0.1399990000000031, 0.030000000000001137, 0.010000999999999038, 12-9-2012
0.389999999999997, 0.010000999999999038, 0.01999800000000107, 0.0200010000000006, 12-10-2012
0.3299999999999983, 0.0200010000000006, 0.10999999999999943, 0.2799990000000001, 12-11-2012
0.41999999999999815, 0.2799990000000001, 0.11000100000000046, 0.030000000000001137, 12-12-2012
0.4499980000000008, 0.030000000000001137, 0.1099989999999984, -0.1799980000000012, 12-13-2012
0.3600009999999969, -0.1799980000000012, -0.37000099999999847, 0.10999999999999943, 12-14-2012
0.370000000000001, 0.10999999999999943, -0.120000000000001, -0.010000999999999038, 12-15-2012
0.21999999999999886, -0.010000999999999038, 0.1000009999999989, -0.08999999999999986, 12-16-2012
0.2900010000000002, -0.08999999999999986, 0.05000100000000174, -0.19000099999999875, 12-17-2012
0.4500010000000003, -0.19000099999999875, -0.16000000000000014, -0.120000000000001, 12-18-2012
0.2800009999999986, -0.120000000000001, 0.019999999999999574, 0.37000099999999847, 12-19-2012
0.33000000000000185, 0.22999900000000295, 0.02000099999999705, -0.0799999999999983, 1-1-2013
0.3400010000000009, -0.0799999999999983, 0.040001000000000175, -0.20000100000000032, 1-2-2013
0.33999999999999986, -0.20000100000000032, 0.12000099999999847, -0.030000999999998612, 1-3-2013
0.2700010000000006, -0.030000999999998612, -0.019999999999999574, -0.14000000000000057, 1-4-2013
0.5399990000000017, -0.14000000000000057, 0.12999900000000153, 0.23000199999999893, 1-5-2013
0.26999800000000107, 0.23000199999999893, 0.16000000000000014, 0.18999799999999922, 1-6-2013
0.28999900000000167, 0.18999799999999922, 0.0, 0.20000100000000032, 1-7-2013
0.3000000000000007, 0.20000100000000032, -0.019999999999999574, 0.019999999999999574, 1-8-2013
0.37999900000000153, 0.019999999999999574, -0.04999899999999968, -0.07000199999999879, 1-9-2013
0.3499980000000029, -0.07000199999999879, 0.030000999999998612, 0.20000100000000032, 1-10-2013
0.3500009999999989, 0.20000100000000032, 0.00999999999999801, 0.5599990000000012, 1-11-2013
0.9499980000000008, 0.5599990000000012, -1.3199989999999993, -0.11000100000000046, 1-12-2013
0.41000000000000014, -0.11000100000000046, 0.030000999999998612, -0.1100009999999969, 1-13-2013
0.26000000000000156, -0.1100009999999969, 0.030000999999998612, -0.08999999999999986, 1-14-2013
0.1799980000000012, -0.08999999999999986, -0.010000999999999038, -0.1499990000000011, 1-15-2013
0.25, -0.1499990000000011, 0.08999999999999986, -0.08000200000000035, 1-16-2013
0.19000099999999875, -0.08000200000000035, 0.05000100000000174, 0.03999899999999812, 1-17-2013
0.10000000000000142, 0.03999899999999812, 0.040001000000000175, 0.19000099999999875, 1-18-2013
0.2899989999999981, 0.19000099999999875, 0.010000000000001563, 0.0799999999999983, 1-19-2013
0.23999999999999844, 0.0799999999999983, -0.07000199999999879, -0.2599979999999995, 1-20-2013
0.3000000000000007, -0.2599979999999995, 0.14999999999999858, 0.1700000000000017, 1-21-2013
0.2700010000000006, 0.1700000000000017, -0.06000200000000078, -0.13999899999999954, 2-1-2013
0.22999900000000295, -0.13999899999999954, -0.0200010000000006, 0.040001000000000175, 2-2-2013
0.27000099999999705, 0.040001000000000175, -0.019999999999999574, -0.1700000000000017, 2-3-2013
0.2900010000000002, -0.1700000000000017, -0.02000099999999705, -0.16000000000000014, 2-4-2013
0.26999800000000107, -0.16000000000000014, 0.09000099999999733, 0.10000000000000142, 2-5-2013
0.21000099999999833, 0.10000000000000142, 0.0, 0.030000999999998612, 2-6-2013
0.13999899999999954, 0.030000999999998612, 0.0, 0.16000000000000014, 2-7-2013
0.26000000000000156, 0.16000000000000014, 0.029998000000002634, 0.030000999999998612, 2-8-2013
0.1499990000000011, 0.030000999999998612, -0.12000099999999847, 0.1000009999999989, 2-9-2013
0.22000199999999737, 0.1000009999999989, 0.0, -0.10999900000000196, 2-10-2013
0.30999900000000125, -0.10999900000000196, 0.059999000000001246, -0.08999999999999986, 2-11-2013
0.14999999999999858, -0.08999999999999986, 0.0, -0.35999999999999943, 2-12-2013
0.3999990000000011, -0.35999999999999943, 0.019999999999999574, -0.5, 2-13-2013
0.6399990000000031, -0.5, 0.07000000000000028, 0.10000000000000142, 2-14-2013
0.389999999999997, 0.10000000000000142, 0.14999999999999858, -0.33999999999999986, 2-15-2013
0.41999999999999815, -0.33999999999999986, 0.259999999999998, 0.08999999999999986, 2-16-2013
0.4400000000000013, 0.08999999999999986, 0.020000000000003126, 0.3299999999999983, 2-17-2013
0.5300009999999986, 0.3299999999999983, -0.019999999999999574, -0.030000999999998612, 2-18-2013
0.259999999999998, -0.030000999999998612, -0.08999800000000135, 0.23999999999999844, 2-19-2013
0.5300009999999986, 0.23999999999999844, 0.12999900000000153, 0.10999999999999943, 3-1-2013
0.33000200000000035, 0.10999999999999943, 0.07000000000000028, 0.1700000000000017, 3-2-2013
0.2900010000000002, 0.1700000000000017, 0.02000099999999705, 0.2199990000000014, 3-3-2013
0.2800009999999986, 0.2199990000000014, 0.04999899999999968, 0.08999999999999986, 3-4-2013
0.23999999999999844, 0.08999999999999986, 0.06000200000000078, -0.370001000000002, 3-5-2013
0.5700019999999988, -0.370001000000002, -0.04999899999999968, 0.16000000000000014, 3-6-2013
0.4599989999999998, 0.16000000000000014, -0.030000999999998612, -0.0200010000000006, 3-7-2013
0.2799990000000001, -0.0200010000000006, -0.0799999999999983, 0.1000009999999989, 3-8-2013
0.2400020000000005, 0.1000009999999989, 0.0799999999999983, -0.08999999999999986, 3-9-2013
0.33999999999999986, -0.08999999999999986, -0.03999899999999812, -0.23000199999999893, 3-10-2013
0.43000100000000074, -0.23000199999999893, -0.1399990000000031, 0.020000000000003126, 3-11-2013
0.2999989999999997, 0.020000000000003126, 0.0, -0.12000100000000202, 3-12-2013
0.3500009999999989, -0.12000100000000202, 0.1700000000000017, -0.12999900000000153, 3-13-2013
0.25, -0.12999900000000153, -0.16999999999999815, 0.030000999999998612, 3-14-2013
0.23999900000000096, 0.030000999999998612, 0.1099989999999984, 0.17999999999999972, 3-15-2013
0.26000000000000156, 0.17999999999999972, 0.059999000000001246, -0.23999900000000096, 3-16-2013
0.3400000000000034, -0.23999900000000096, 0.13000100000000003, 0.48999900000000096, 3-17-2013
0.5199999999999996, 0.48999900000000096, -0.1499990000000011, 0.20999899999999982, 3-18-2013
0.46999999999999886, 0.20999899999999982, 0.020000000000003126, -0.010000000000001563, 3-19-2013
0.3099999999999987, -0.010000000000001563, -0.16999999999999815, -0.240000000000002, 3-20-2013
0.38000100000000003, -0.240000000000002, 0.08999999999999986, -0.06000099999999975, 4-1-2013
0.259999999999998, -0.06000099999999975, -0.009997999999999507, -0.40000200000000063, 4-2-2013
0.48999999999999844, -0.40000200000000063, 0.0, 0.08999999999999986, 4-3-2013
0.23000199999999893, 0.08999999999999986, -0.1999980000000008, 0.0, 4-4-2013
0.2199990000000014, 0.0, -0.050001999999999214, 0.20000100000000032, 4-5-2013
0.2900010000000002, 0.20000100000000032, 0.0200010000000006, 0.6399989999999995, 4-6-2013
0.8299999999999983, 0.6399989999999995, -0.030000999999998612, 0.5400010000000002, 4-7-2013
0.7100010000000019, 0.5400010000000002, -0.5300000000000011, 0.09999999999999787, 4-8-2013
0.4200000000000017, 0.09999999999999787, -0.08999999999999986, -0.05999999999999872, 4-9-2013
0.3299999999999983, -0.05999999999999872, -0.17999999999999972, -0.12000099999999847, 4-10-2013
0.34999799999999937, -0.12000099999999847, 0.08999999999999986, 0.4500010000000003, 4-11-2013
0.509999999999998, 0.4500010000000003, -0.12999900000000153, 0.13999899999999954, 4-12-2013
0.5699989999999993, 0.13999899999999954, 0.11999899999999997, 0.19000099999999875, 4-13-2013
0.5, 0.19000099999999875, 0.030000000000001137, 0.17000099999999918, 4-14-2013
0.2400020000000005, 0.17000099999999918, 0.03999900000000167, 0.3999990000000011, 4-15-2013
0.5900009999999973, 0.3999990000000011, 0.1000009999999989, 0.3999990000000011, 4-16-2013
0.5200010000000006, 0.3999990000000011, -0.09999800000000292, 0.37999900000000153, 4-17-2013
0.5400010000000002, 0.37999900000000153, -0.010000000000001563, -0.27000099999999705, 4-18-2013
0.5500009999999982, -0.27000099999999705, -0.07000000000000028, 0.09000099999999733, 4-19-2013
0.4200000000000017, 0.09000099999999733, 0.040001000000000175, 0.3199990000000028, 4-20-2013
0.4299999999999997, 0.3199990000000028, -0.040001000000000175, 0.23000199999999893, 4-21-2013
0.36000100000000046, 0.23000199999999893, -0.13000100000000003, 0.16999999999999815, 4-22-2013
0.36000100000000046, 0.16999999999999815, -0.259999999999998, 0.38000100000000003, 5-1-2013
0.4799999999999969, 0.38000100000000003, 0.10999800000000093, -0.26000000000000156, 5-2-2013
0.26999800000000107, -0.26000000000000156, 0.21000100000000188, -0.26000000000000156, 5-3-2013
0.3599989999999984, -0.26000000000000156, 0.059999000000001246, 0.1800009999999972, 5-4-2013
0.30999900000000125, 0.1800009999999972, -0.1099989999999984, 0.20999899999999982, 5-5-2013
0.33000200000000035, 0.20999899999999982, -0.04999899999999968, 0.16000000000000014, 5-6-2013
0.46999999999999886, 0.16000000000000014, 0.059999000000001246, 0.0799999999999983, 5-7-2013
0.19000099999999875, 0.0799999999999983, -0.08999999999999986, -0.33000000000000185, 5-8-2013
0.4599989999999998, -0.33000000000000185, 0.0, -0.23999999999999844, 5-9-2013
0.3899990000000031, -0.23999999999999844, 0.04999899999999968, 0.3100020000000008, 5-10-2013
0.39000199999999907, 0.3100020000000008, -0.14000199999999907, -0.11999800000000249, 5-11-2013
0.46999999999999886, -0.11999800000000249, 0.17999999999999972, -0.0799999999999983, 5-12-2013
0.3199990000000028, -0.0799999999999983, 0.03999899999999812, 0.0, 5-13-2013
0.25, 0.0, 0.020000000000003126, 0.04999999999999716, 5-14-2013
0.25, 0.04999999999999716, -0.02000099999999705, -0.059999000000001246, 5-15-2013
0.5899999999999999, -0.059999000000001246, -0.19000099999999875, 0.16999999999999815, 5-16-2013
0.2800009999999986, 0.16999999999999815, -0.12999899999999798, 0.0, 5-17-2013
0.4600010000000019, 0.0, 0.23999999999999844, -0.08000000000000185, 5-18-2013
0.3999999999999986, -0.08000000000000185, -0.12000099999999847, 0.31000099999999975, 5-19-2013
0.490000000000002, 0.31000099999999975, 0.010000999999999038, -0.07000199999999879, 5-20-2013
0.2900010000000002, -0.07000199999999879, 0.0200010000000006, 0.050000999999998186, 5-21-2013
0.5799999999999983, 0.050000999999998186, 0.5999980000000029, 0.3600009999999969, 5-22-2013
0.620001000000002, 0.3600009999999969, 0.3199990000000028, -0.1999980000000008, 6-1-2013
0.629999999999999, -0.1999980000000008, -0.25, -0.41000000000000014, 6-2-2013
0.630001, -0.41000000000000014, 0.04999899999999968, -0.10000000000000142, 6-3-2013
0.6700009999999992, -0.10000000000000142, -0.25, 0.19000000000000128, 6-4-2013
0.48000199999999893, 0.19000000000000128, 0.11999899999999997, 0.30000100000000174, 6-5-2013
0.4500010000000003, 0.30000100000000174, -0.18000000000000327, -0.12000099999999847, 6-6-2013
0.45000099999999676, -0.12000099999999847, 0.25, -0.5, 6-7-2013
0.5899999999999999, -0.5, 0.0, 0.5300009999999986, 6-8-2013
0.610000000000003, 0.5300009999999986, 0.030000000000001137, -0.09999999999999787, 6-9-2013
0.2999989999999997, -0.09999999999999787, 0.19000099999999875, -0.010000999999999038, 6-10-2013
0.4400000000000013, -0.010000999999999038, -0.030000000000001137, 0.3999990000000011, 6-11-2013
0.5799999999999983, 0.3999990000000011, 0.02000099999999705, -0.48999999999999844, 6-12-2013
0.6799999999999997, -0.48999999999999844, -0.2699999999999996, -0.5399990000000017, 6-13-2013
0.6499999999999986, -0.5399990000000017, 0.11999800000000249, -0.10999800000000093, 6-14-2013
0.26000000000000156, -0.10999800000000093, -0.12000100000000202, -0.5, 6-15-2013
0.8099990000000012, -0.5, 0.25, 0.049999000000003235, 6-16-2013
0.37000099999999847, 0.049999000000003235, 0.3200019999999988, -0.19000099999999875, 6-17-2013
0.3500009999999989, -0.19000099999999875, 0.08999999999999986, -0.05000100000000174, 6-18-2013
0.33999999999999986, -0.05000100000000174, -0.11999899999999997, 0.3000000000000007, 6-19-2013
0.6799999999999997, 0.3000000000000007, 0.120000000000001, -0.4600010000000019, 6-20-2013
0.5800000000000018, -0.4600010000000019, -0.01999800000000107, -0.15000199999999708, 7-1-2013
0.5, -0.15000199999999708, -0.01999800000000107, 0.059999000000001246, 7-2-2013
0.44999899999999826, 0.059999000000001246, 0.19000099999999875, 0.10999800000000093, 7-3-2013
0.3999999999999986, 0.10999800000000093, -0.1999980000000008, -0.6700000000000017, 7-4-2013
0.8799990000000015, -0.6700000000000017, 0.10999800000000093, -0.16000000000000014, 7-5-2013
0.30999900000000125, -0.16000000000000014, 0.0, 0.11000100000000046, 7-6-2013
0.6600000000000001, 0.11000100000000046, 0.30999900000000125, 0.4300009999999972, 7-7-2013
0.5300009999999986, 0.4300009999999972, -0.03999899999999812, -0.05000100000000174, 7-8-2013
0.3500000000000014, -0.05000100000000174, -0.05999999999999872, 0.1000009999999989, 7-9-2013
0.20999899999999982, 0.1000009999999989, 0.059999000000001246, 0.25, 7-10-2013
0.3999990000000011, 0.25, 0.04999899999999968, -0.1499990000000011, 7-11-2013
0.38999899999999954, -0.1499990000000011, -0.6800009999999972, -0.22999900000000295, 7-12-2013
0.4500010000000003, -0.22999900000000295, -0.12999899999999798, -0.07000000000000028, 7-13-2013
0.34000099999999733, -0.07000000000000028, 0.02999900000000011, -0.3000000000000007, 7-14-2013
0.39000099999999804, -0.3000000000000007, 0.08000000000000185, -0.10000000000000142, 7-15-2013
0.3500009999999989, -0.10000000000000142, 0.17999999999999972, 0.0, 7-16-2013
0.37000099999999847, 0.0, -0.0799999999999983, 0.20999899999999982, 7-17-2013
0.23999900000000096, 0.20999899999999982, -0.11999800000000249, 0.3199990000000028, 7-18-2013
0.360000000000003, 0.3199990000000028, -0.08999999999999986, 0.06999999999999673, 7-19-2013
0.2299989999999994, 0.06999999999999673, 0.059999000000001246, 0.08000000000000185, 7-20-2013
0.2199990000000014, 0.08000000000000185, -0.00999800000000306, -0.030000999999998612, 7-21-2013
0.19999899999999826, -0.030000999999998612, 0.07000000000000028, -0.20999899999999982, 7-22-2013
0.46999999999999886, -0.20999899999999982, -0.0200010000000006, 0.03999900000000167, 8-1-2013
0.2199990000000014, 0.03999900000000167, -0.2199990000000014, -0.0799999999999983, 8-2-2013
0.16999999999999815, -0.0799999999999983, -0.040001000000000175, -0.08000000000000185, 8-3-2013
0.2200009999999999, -0.08000000000000185, -0.08999999999999986, -0.009997999999999507, 8-4-2013
0.2400020000000005, -0.009997999999999507, 0.04999899999999968, -0.2999989999999997, 8-5-2013
0.37000099999999847, -0.2999989999999997, -0.040001000000000175, 0.10000000000000142, 8-6-2013
0.23999999999999844, 0.10000000000000142, -0.030000000000001137, 0.15999899999999911, 8-7-2013
0.25, 0.15999899999999911, 0.050001999999999214, -0.17000099999999918, 8-8-2013
0.3100020000000008, -0.17000099999999918, -0.120000000000001, 0.1700000000000017, 8-9-2013
0.389999999999997, 0.1700000000000017, -0.28999900000000167, -0.25, 8-10-2013
0.44000099999999875, -0.25, 0.029998000000002634, -0.1499990000000011, 8-11-2013
0.3000019999999992, -0.1499990000000011, 0.16999999999999815, 0.20000100000000032, 8-12-2013
0.6500020000000006, 0.20000100000000032, 0.029998000000002634, 0.21000099999999833, 8-13-2013
0.38000100000000003, 0.21000099999999833, 0.0200010000000006, -0.37000099999999847, 8-14-2013
0.520000999999997, -0.37000099999999847, 0.08999999999999986, 0.0, 8-15-2013
0.21999899999999784, 0.0, 0.0799999999999983, 0.1000009999999989, 8-16-2013
0.240000000000002, 0.1000009999999989, -0.040001000000000175, -0.129999999999999, 8-17-2013
0.28999999999999915, -0.129999999999999, -0.1499990000000011, 0.07000000000000028, 8-18-2013
0.2199990000000014, 0.07000000000000028, 0.010000000000001563, 0.08999999999999986, 8-19-2013
0.2800009999999986, 0.08999999999999986, -0.05000100000000174, -0.1800009999999972, 8-20-2013
0.38000100000000003, -0.1800009999999972, 0.1800009999999972, -0.259999999999998, 8-21-2013
0.3500000000000014, -0.259999999999998, 0.2299989999999994, -0.13999899999999954, 8-22-2013
0.27000099999999705, -0.13999899999999954, 0.30999900000000125, 0.259999999999998, 9-1-2013
0.5, 0.259999999999998, 0.040001000000000175, -0.0799999999999983, 9-2-2013
0.240000000000002, -0.0799999999999983, 0.09000099999999733, -0.02000099999999705, 9-3-2013
0.4200000000000017, -0.02000099999999705, 0.04999899999999968, 0.19000099999999875, 9-4-2013
0.3299999999999983, 0.19000099999999875, 0.16000000000000014, -0.08999999999999986, 9-5-2013
0.19999900000000181, -0.08999999999999986, -0.07000000000000028, -0.1000009999999989, 9-6-2013
0.2700010000000006, -0.1000009999999989, -0.029998000000002634, -0.15000199999999708, 9-7-2013
0.23999999999999844, -0.15000199999999708, 0.41999999999999815, 0.39000199999999907, 9-8-2013
0.41999799999999965, 0.39000199999999907, 0.18999800000000278, -0.240000000000002, 9-9-2013
0.3599989999999984, -0.240000000000002, 0.3000019999999992, 0.04999899999999968, 9-10-2013
0.21999899999999784, 0.04999899999999968, 0.11000000000000298, 0.04999999999999716, 9-11-2013
0.36000100000000046, 0.04999999999999716, 0.059999000000001246, -0.04999899999999968, 9-12-2013
0.25, -0.04999899999999968, 0.030000999999998612, -0.17000099999999918, 9-13-2013
0.38999899999999954, -0.17000099999999918, -0.06999899999999926, -0.08000000000000185, 9-14-2013
0.23999900000000096, -0.08000000000000185, -0.040001000000000175, 0.12000100000000202, 9-15-2013
0.2700000000000031, 0.12000100000000202, 0.0799999999999983, -0.0799999999999983, 9-16-2013
0.22999900000000295, -0.0799999999999983, 0.04999899999999968, -0.33999999999999986, 9-17-2013
0.5999979999999994, -0.33999999999999986, -0.20000100000000032, -0.2299989999999994, 9-18-2013
0.509999999999998, -0.2299989999999994, -0.26000099999999904, 0.20000100000000032, 9-19-2013
0.5700000000000003, 0.20000100000000032, 0.02000099999999705, -0.11000100000000046, 9-20-2013
0.33999999999999986, -0.11000100000000046, -0.12000099999999847, 0.17999999999999972, 10-1-2013
0.22999999999999687, 0.17999999999999972, -0.06999899999999926, -0.21999999999999886, 10-2-2013
0.33999999999999986, -0.21999999999999886, 0.0, 0.20999899999999982, 10-3-2013
0.25, 0.20999899999999982, -0.10000000000000142, 0.12000099999999847, 10-4-2013
0.4299999999999997, 0.12000099999999847, 0.040001000000000175, -0.39000099999999804, 10-5-2013
0.3999990000000011, -0.39000099999999804, 0.030000000000001137, 0.0799999999999983, 10-6-2013
0.4799989999999994, 0.0799999999999983, 0.3999999999999986, 0.11000000000000298, 10-7-2013
0.2999989999999997, 0.11000000000000298, -0.2700000000000031, 0.43000000000000327, 10-8-2013
0.4400000000000013, 0.43000000000000327, -0.1700000000000017, 0.36000100000000046, 10-9-2013
0.4599989999999998, 0.36000100000000046, -0.05000100000000174, -0.010000999999999038, 10-10-2013
0.2699999999999996, -0.010000999999999038, -0.12999899999999798, 0.44000099999999875, 10-11-2013
0.520000999999997, 0.44000099999999875, -0.12000100000000202, 0.3400000000000034, 10-12-2013
0.4500010000000003, 0.3400000000000034, -0.059999000000001246, 0.01999800000000107, 10-13-2013
0.3000000000000007, 0.01999800000000107, 0.060001999999997224, 0.1999980000000008, 10-14-2013
0.3500000000000014, 0.1999980000000008, 0.030001000000002165, -0.10000000000000142, 10-15-2013
0.19000099999999875, -0.10000000000000142, -0.14000000000000057, -0.19000000000000128, 10-16-2013
0.48999999999999844, -0.19000000000000128, 0.12000100000000202, -0.08000000000000185, 10-17-2013
0.18999800000000278, -0.08000000000000185, 0.33000000000000185, 0.12999899999999798, 10-18-2013
0.21999999999999886, 0.12999899999999798, -0.05999999999999872, 0.18000100000000074, 10-19-2013
0.31999999999999673, 0.18000100000000074, 0.03999899999999812, 0.120000000000001, 10-20-2013
0.3200000000000003, 0.120000000000001, 0.010000999999999038, -0.030000999999998612, 10-21-2013
0.28000000000000114, -0.030000999999998612, 0.019999999999999574, -0.050000999999998186, 10-22-2013
0.3000000000000007, -0.050000999999998186, 0.040001000000000175, -0.18000000000000327, 10-23-2013
0.4300009999999972, -0.18000000000000327, -0.00999999999999801, -0.05999999999999872, 11-1-2013
0.25, -0.05999999999999872, -0.33999999999999986, 0.1100009999999969, 11-2-2013
0.3400010000000009, 0.1100009999999969, 0.029998000000002634, 0.19000099999999875, 11-3-2013
0.4200000000000017, 0.19000099999999875, 0.12000099999999847, -0.3100019999999972, 11-4-2013
0.37999900000000153, -0.3100019999999972, -0.029998000000002634, 0.059999000000001246, 11-5-2013
0.2800009999999986, 0.059999000000001246, -0.04999899999999968, 0.12999900000000153, 11-6-2013
0.36000100000000046, 0.12999900000000153, -0.18000000000000327, 0.4400000000000013, 11-7-2013
0.5199999999999996, 0.4400000000000013, -0.17999999999999972, 0.3500000000000014, 11-8-2013
0.41999999999999815, 0.3500000000000014, -0.1700000000000017, -0.040001000000000175, 11-9-2013
0.14999999999999858, -0.040001000000000175, 0.010000999999999038, 0.120000000000001, 11-10-2013
0.2999989999999997, 0.120000000000001, 0.09000100000000089, -0.010000999999999038, 11-11-2013
0.2200009999999999, -0.010000999999999038, 0.13999999999999702, -0.03999899999999812, 11-12-2013
0.259999999999998, -0.03999899999999812, 0.0, -0.14000199999999907, 11-13-2013
0.36000100000000046, -0.14000199999999907, 0.050001999999999214, 0.619999, 11-14-2013
0.7700010000000006, 0.619999, -0.7300000000000004, -0.6299990000000015, 11-15-2013
0.6700000000000017, -0.6299990000000015, 0.1499990000000011, -0.2699999999999996, 11-16-2013
0.5199999999999996, -0.2699999999999996, 0.040001000000000175, -0.1400010000000016, 11-17-2013
0.3200000000000003, -0.1400010000000016, -0.010000999999999038, 0.26000099999999904, 11-18-2013
0.40000000000000213, 0.26000099999999904, 0.0, -0.05999999999999872, 11-19-2013
0.22999999999999687, -0.05999999999999872, 0.16000000000000014, -0.2999989999999997, 11-20-2013
0.3500000000000014, -0.2999989999999997, -0.010000000000001563, -0.14000199999999907, 12-1-2013
0.33000000000000185, -0.14000199999999907, -0.02999900000000011, 0.21999999999999886, 12-2-2013
0.33000000000000185, 0.21999999999999886, 0.08000000000000185, 0.4400000000000013, 12-3-2013
0.6000000000000014, 0.4400000000000013, 0.7099989999999998, -0.1499990000000011, 12-4-2013
0.5, -0.1499990000000011, 0.019999999999999574, 0.08999999999999986, 12-5-2013
0.3999999999999986, 0.08999999999999986, -0.040001000000000175, -0.06999899999999926, 12-6-2013
0.30999900000000125, -0.06999899999999926, -0.08000000000000185, -0.31999999999999673, 12-7-2013
0.47999900000000295, -0.31999999999999673, 0.2999989999999997, -0.25, 12-8-2013
0.46999899999999784, -0.25, -0.26000000000000156, 0.08000200000000035, 12-9-2013
0.3299999999999983, 0.08000200000000035, 0.03999899999999812, 0.12000100000000202, 12-10-2013
0.37999900000000153, 0.12000100000000202, -0.030000999999998612, 0.23999999999999844, 12-11-2013
0.39000099999999804, 0.23999999999999844, 0.04999899999999968, 0.44000099999999875, 12-12-2013
0.6700000000000017, 0.44000099999999875, -0.02999900000000011, 0.01999800000000107, 12-13-2013
0.3500009999999989, 0.01999800000000107, -0.02999799999999908, -0.050001999999999214, 12-14-2013
0.30999900000000125, -0.050001999999999214, 0.21000099999999833, 0.05000000000000071, 12-15-2013
0.25, 0.05000000000000071, 0.059999000000001246, 0.050000999999998186, 12-16-2013
0.27000099999999705, 0.050000999999998186, 0.0, 0.2700010000000006, 12-17-2013
0.2700010000000006, 0.2700010000000006, 0.04999899999999968, -0.14999999999999858, 12-18-2013
0.31999899999999926, -0.14999999999999858, 0.07000000000000028, 0.17999999999999972, 12-19-2013
0.25, 0.17999999999999972, -0.040001000000000175, 0.14999999999999858, 12-20-2013
0.3500009999999989, 0.010000000000001563, 0.07000000000000028, -0.08000000000000185, 1-1-2014
0.29999999999999716, -0.08000000000000185, -0.010000999999999038, -0.31000099999999975, 1-2-2014
0.33999999999999986, -0.31000099999999975, 0.08000200000000035, 0.04999899999999968, 1-3-2014
0.26000099999999904, 0.04999899999999968, 0.04999899999999968, -0.20999899999999982, 1-4-2014
0.41000000000000014, -0.20999899999999982, -0.00999999999999801, -0.11000100000000046, 1-5-2014
0.2999989999999997, -0.11000100000000046, 0.19000099999999875, 0.030000999999998612, 1-6-2014
0.3500000000000014, 0.030000999999998612, 0.09999800000000292, -0.12999900000000153, 1-7-2014
0.5699999999999967, -0.12999900000000153, 0.5100000000000016, 0.5, 1-8-2014
0.6499990000000011, 0.5, 0.20999899999999982, -0.04999899999999968, 1-9-2014
0.509999999999998, -0.04999899999999968, -0.030001000000002165, -0.09999799999999937, 1-10-2014
0.41000000000000014, -0.09999799999999937, -1.1799999999999997, 0.48999900000000096, 1-11-2014
0.6100010000000005, 0.48999900000000096, -0.059999000000001246, -0.20000100000000032, 1-12-2014
0.5299990000000001, -0.20000100000000032, -0.20000100000000032, -0.0799999999999983, 1-13-2014
0.3900010000000016, -0.0799999999999983, -0.13999899999999954, -0.040001000000000175, 1-14-2014
0.3500000000000014, -0.040001000000000175, -0.25, -0.07000000000000028, 1-15-2014
0.3999999999999986, -0.07000000000000028, -0.03999900000000167, -0.050000999999998186, 1-16-2014
0.3299999999999983, -0.050000999999998186, -0.010000000000001563, 0.19000099999999875, 1-17-2014
0.4799989999999994, 0.19000099999999875, -0.14999999999999858, -0.07000000000000028, 1-18-2014
0.3299999999999983, -0.07000000000000028, 0.07000000000000028, -0.010000000000001563, 1-19-2014
0.34999799999999937, -0.010000000000001563, -0.2899989999999981, 0.08999999999999986, 1-20-2014
0.25, 0.08999999999999986, -0.040001000000000175, -0.5499989999999997, 1-21-2014
0.620001000000002, -0.5499989999999997, 0.03999899999999812, -0.16999999999999815, 2-1-2014
0.4600010000000019, -0.16999999999999815, -0.11999899999999997, -0.18000100000000074, 2-2-2014
0.26000000000000156, -0.18000100000000074, 0.08000000000000185, 0.389999999999997, 2-3-2014
0.5300009999999986, 0.389999999999997, 0.21000100000000188, 0.009997999999999507, 2-4-2014
0.490000000000002, 0.009997999999999507, -0.09999799999999937, 0.17999999999999972, 2-5-2014
0.3100019999999972, 0.17999999999999972, 0.059999000000001246, 0.11999899999999997, 2-6-2014
0.19000000000000128, 0.11999899999999997, 0.040001000000000175, 0.03999899999999812, 2-7-2014
0.3200000000000003, 0.03999899999999812, -0.11999899999999997, 0.2700010000000006, 2-8-2014
0.4300009999999972, 0.2700010000000006, -0.12000100000000202, 0.18000000000000327, 2-9-2014
0.3500000000000014, 0.18000000000000327, -0.08999999999999986, 0.08999999999999986, 2-10-2014
0.23000199999999893, 0.08999999999999986, -0.11000000000000298, -0.14999999999999858, 2-11-2014
0.2999989999999997, -0.14999999999999858, 0.040001000000000175, 0.19999899999999826, 2-12-2014
0.3500000000000014, 0.19999899999999826, 0.21000100000000188, -0.5300009999999986, 2-13-2014
0.6099989999999984, -0.5300009999999986, 0.08999999999999986, 0.11999899999999997, 2-14-2014
0.4699990000000014, 0.11999899999999997, 0.040001000000000175, -0.049999000000003235, 2-15-2014
0.25, -0.049999000000003235, 0.11999899999999997, 0.059999000000001246, 2-16-2014
0.36999899999999997, 0.059999000000001246, 0.0, -0.03999899999999812, 2-17-2014
0.2899989999999981, -0.03999899999999812, 0.030000999999998612, -0.030000999999998612, 2-18-2014
0.28000000000000114, -0.030000999999998612, -0.21000100000000188, -0.04999899999999968, 2-19-2014
0.2900010000000002, -0.04999899999999968, 0.2199990000000014, -0.10999800000000093, 3-1-2014
0.2800009999999986, -0.10999800000000093, 0.08999999999999986, -0.20000100000000032, 3-2-2014
0.30999900000000125, -0.20000100000000032, 0.07000000000000028, 0.059999000000001246, 3-3-2014
0.27000099999999705, 0.059999000000001246, 0.07000199999999879, -0.06000200000000078, 3-4-2014
0.28000000000000114, -0.06000200000000078, -0.02999799999999908, 0.2299989999999994, 3-5-2014
0.30999900000000125, 0.2299989999999994, -0.059999000000001246, -0.050000999999998186, 3-6-2014
0.23999900000000096, -0.050000999999998186, -0.08000000000000185, 0.11000000000000298, 3-7-2014
0.26999800000000107, 0.11000000000000298, 0.03999899999999812, -0.2299989999999994, 3-8-2014
0.5700000000000003, -0.2299989999999994, -0.08999999999999986, 0.019999999999999574, 3-9-2014
0.25, 0.019999999999999574, 0.13999899999999954, 0.06000200000000078, 3-10-2014
0.33000000000000185, 0.06000200000000078, -0.0200010000000006, 0.14000000000000057, 3-11-2014
0.3500009999999989, 0.14000000000000057, 0.030000000000001137, 0.16999999999999815, 3-12-2014
0.4800000000000004, 0.16999999999999815, -0.019999999999999574, 0.4299999999999997, 3-13-2014
0.6499990000000011, 0.4299999999999997, 0.18000100000000074, -0.44000099999999875, 3-14-2014
0.5199999999999996, -0.44000099999999875, 0.03999899999999812, -0.08999800000000135, 3-15-2014
0.4599989999999998, -0.08999800000000135, 0.07000000000000028, 0.26999800000000107, 3-16-2014
0.5, 0.26999800000000107, 0.13000100000000003, -0.21000099999999833, 3-17-2014
0.41999999999999815, -0.21000099999999833, -0.01999800000000107, -0.050001999999999214, 3-18-2014
0.4599989999999998, -0.050001999999999214, 0.1000009999999989, 0.21000099999999833, 3-19-2014
0.48999900000000096, 0.21000099999999833, 0.02999900000000011, 0.15999900000000267, 3-20-2014
0.4399980000000028, 0.15999900000000267, -0.010000000000001563, 0.19000099999999875, 3-21-2014
0.36000100000000046, 0.19000099999999875, -0.030000999999998612, -0.07000000000000028, 4-1-2014
0.41000000000000014, -0.07000000000000028, 0.26000099999999904, 0.26000000000000156, 4-2-2014
0.3200000000000003, 0.26000000000000156, 0.0799999999999983, -0.3299999999999983, 4-3-2014
0.619999, -0.3299999999999983, 0.13999899999999954, 0.19000099999999875, 4-4-2014
0.5399989999999981, 0.19000099999999875, -0.12999899999999798, 0.5499989999999997, 4-5-2014
0.629999999999999, 0.5499989999999997, 0.019999999999999574, 0.05000000000000071, 4-6-2014
0.28999999999999915, 0.05000000000000071, 0.030000000000001137, -0.5800000000000018, 4-7-2014
0.7299989999999994, -0.5800000000000018, -0.16000000000000014, -0.08999999999999986, 4-8-2014
0.41999999999999815, -0.08999999999999986, 0.12999900000000153, 0.25, 4-9-2014
0.510000999999999, 0.25, -0.04999899999999968, 0.259999999999998, 4-10-2014
0.46999899999999784, 0.259999999999998, 0.21000000000000085, -0.05000000000000071, 4-11-2014
0.639999999999997, -0.05000000000000071, -0.050000999999998186, 0.16000199999999865, 4-12-2014
0.36999899999999997, 0.16000199999999865, 0.009997999999999507, -0.09999799999999937, 4-13-2014
0.31999899999999926, -0.09999799999999937, -0.040001000000000175, -0.07000000000000028, 4-14-2014
0.3200000000000003, -0.07000000000000028, -0.040001000000000175, -0.04999899999999968, 4-15-2014
0.25, -0.04999899999999968, 0.059999000000001246, -0.059999000000001246, 4-16-2014
0.3200000000000003, -0.059999000000001246, -0.10000000000000142, -0.389999999999997, 4-17-2014
0.5299980000000026, -0.389999999999997, -0.08999999999999986, 0.1599999999999966, 4-18-2014
0.379998999999998, 0.1599999999999966, 0.030001000000002165, 0.11999899999999997, 4-19-2014
0.3099999999999987, 0.11999899999999997, -0.16000000000000014, 0.37000099999999847, 4-20-2014
0.48000199999999893, 0.37000099999999847, -0.1800009999999972, -0.059999000000001246, 4-21-2014
0.28000100000000216, -0.059999000000001246, 0.10999800000000093, -0.1499990000000011, 5-1-2014
0.23999900000000096, -0.1499990000000011, -0.25, 0.010000000000001563, 5-2-2014
0.2700000000000031, 0.010000000000001563, -0.010000000000001563, 0.040001000000000175, 5-3-2014
0.37999900000000153, 0.040001000000000175, 0.059999000000001246, 0.1100009999999969, 5-4-2014
0.23000199999999893, 0.1100009999999969, -0.050000999999998186, 0.019999999999999574, 5-5-2014
0.3100019999999972, 0.019999999999999574, 0.030000999999998612, -0.07000199999999879, 5-6-2014
0.19000099999999875, -0.07000199999999879, 0.11000100000000046, -0.03999900000000167, 5-7-2014
0.2400020000000005, -0.03999900000000167, 0.11999899999999997, -0.03999899999999812, 5-8-2014
0.21000100000000188, -0.03999899999999812, 0.03999899999999812, -0.16000000000000014, 5-9-2014
0.19000000000000128, -0.16000000000000014, 0.0, -0.31999999999999673, 5-10-2014
0.48999999999999844, -0.31999999999999673, 0.03999899999999812, -0.2299989999999994, 5-11-2014
0.33000000000000185, -0.2299989999999994, -0.07000000000000028, 0.2900010000000002, 5-12-2014
0.33999999999999986, 0.2900010000000002, -0.0200010000000006, 0.0200010000000006, 5-13-2014
0.2900010000000002, 0.0200010000000006, 0.059999000000001246, 0.1000009999999989, 5-14-2014
0.25, 0.1000009999999989, 0.009997999999999507, -0.059999000000001246, 5-15-2014
0.19000000000000128, -0.059999000000001246, 0.0, 0.1400010000000016, 5-16-2014
0.16000000000000014, 0.1400010000000016, 0.03999899999999812, 0.37999900000000153, 5-17-2014
0.5599999999999987, 0.37999900000000153, -0.009997999999999507, 0.1799980000000012, 5-18-2014
0.2800009999999986, 0.1799980000000012, 0.030000999999998612, 0.04999899999999968, 5-19-2014
0.23999999999999844, 0.04999899999999968, -0.01999800000000107, 0.37999900000000153, 5-20-2014
0.39000000000000057, 0.37999900000000153, -0.010000999999999038, -0.04999899999999968, 5-21-2014
0.22999900000000295, -0.04999899999999968, -0.040001000000000175, 0.44000099999999875, 6-1-2014
0.5800000000000018, 0.44000099999999875, -0.14999999999999858, 0.08999999999999986, 6-2-2014
0.26000000000000156, 0.08999999999999986, -0.040001000000000175, 0.1000009999999989, 6-3-2014
0.23000000000000043, 0.1000009999999989, 0.12000099999999847, 0.3899990000000031, 6-4-2014
0.4799989999999994, 0.3899990000000031, -0.07000000000000028, -0.19000000000000128, 6-5-2014
0.5900000000000034, -0.19000000000000128, -0.05999999999999872, 0.389999999999997, 6-6-2014
0.6100009999999969, 0.389999999999997, -0.1000009999999989, -0.20999899999999982, 6-7-2014
0.41000000000000014, -0.20999899999999982, -0.06999899999999926, 0.09999799999999937, 6-8-2014
0.33000000000000185, 0.09999799999999937, 1.7900010000000002, 0.12000099999999847, 6-9-2014
0.5, 0.12000099999999847, -0.15000199999999708, 0.2900010000000002, 6-10-2014
0.4799999999999969, 0.2900010000000002, -0.13000100000000003, 0.07000199999999879, 6-11-2014
0.26000000000000156, 0.07000199999999879, -0.07000199999999879, 0.050000999999998186, 6-12-2014
0.3099999999999987, 0.050000999999998186, 0.03999900000000167, 0.12000099999999847, 6-13-2014
0.20000100000000032, 0.12000099999999847, -0.019999999999999574, 0.13000100000000003, 6-14-2014
0.1700000000000017, 0.13000100000000003, -0.1000009999999989, 0.129999999999999, 6-15-2014
0.4599989999999998, 0.129999999999999, -0.07000000000000028, 0.33999999999999986, 6-16-2014
0.7399999999999984, 0.33999999999999986, -0.019999999999999574, 0.3999990000000011, 6-17-2014
0.5499989999999997, 0.3999990000000011, -0.07000000000000028, -0.029998000000002634, 6-18-2014
0.2899989999999981, -0.029998000000002634, 0.08999999999999986, 0.059999000000001246, 6-19-2014
0.2999989999999997, 0.059999000000001246, -0.059999000000001246, 0.02999900000000011, 6-20-2014
0.33999999999999986, 0.02999900000000011, 0.08999999999999986, -0.00999999999999801, 6-21-2014
0.2199990000000014, -0.00999999999999801, 0.00999999999999801, -0.00999999999999801, 7-1-2014
0.25, -0.00999999999999801, 0.09999999999999787, 0.059999000000001246, 7-2-2014
0.3400010000000009, 0.059999000000001246, -0.04999899999999968, -0.059999000000001246, 7-3-2014
0.2800009999999986, -0.059999000000001246, -0.030000999999998612, -0.20999899999999982, 7-4-2014
0.379998999999998, -0.20999899999999982, 0.04999899999999968, 0.04999899999999968, 7-5-2014
0.28999900000000167, 0.04999899999999968, -0.2899989999999981, 0.6600000000000001, 7-6-2014
0.8899989999999995, 0.6600000000000001, 0.0, -0.010000000000001563, 7-7-2014
0.41000000000000014, -0.010000000000001563, 0.16000000000000014, 0.0799999999999983, 7-8-2014
0.23999999999999844, 0.0799999999999983, 0.08999999999999986, 0.12999900000000153, 7-9-2014
0.6399989999999995, 0.12999900000000153, 1.600002, 1.3400010000000009, 7-10-2014
1.5300029999999936, 1.3400010000000009, -0.4500010000000003, -0.5, 7-11-2014
0.7299999999999969, -0.5, 0.09999799999999937, -0.09999799999999937, 7-12-2014
0.4500010000000003, -0.09999799999999937, -0.15000200000000063, 0.5100020000000001, 7-13-2014
0.6899990000000003, 0.5100020000000001, 0.09999899999999684, 0.630001, 7-14-2014
0.7600020000000001, 0.630001, -0.1100009999999969, -0.17999999999999972, 7-15-2014
0.4100000000000037, -0.17999999999999972, -0.11999899999999997, -0.13000100000000003, 7-16-2014
0.5700000000000003, -0.13000100000000003, -0.09999799999999937, 0.09999799999999937, 7-17-2014
0.43999900000000025, 0.09999799999999937, -0.020000000000003126, 0.0, 7-18-2014
0.43999900000000025, 0.0, 0.04000000000000625, -0.08000100000000288, 7-19-2014
0.27999899999999656, -0.08000100000000288, 0.1200019999999995, 0.039996999999999616, 7-20-2014
0.5299990000000037, 0.039996999999999616, -0.25999799999999595, -0.20000100000000032, 7-21-2014
0.43999900000000025, -0.20000100000000032, -0.1399990000000031, -0.00999800000000306, 7-22-2014
0.41999799999999965, -0.00999800000000306, 0.04999899999999968, 0.25999800000000306, 8-1-2014
0.5400010000000037, 0.25999800000000306, -0.2900009999999966, -0.9399980000000028, 8-2-2014
1.1800009999999972, -0.9399980000000028, -0.22000200000000092, 0.25, 8-3-2014
0.7999999999999972, 0.25, 0.08000200000000035, -0.25, 8-4-2014
0.610001000000004, -0.25, 0.09999899999999684, -0.1800009999999972, 8-5-2014
0.4599990000000034, -0.1800009999999972, 0.22000200000000092, 0.20000000000000284, 8-6-2014
0.4300009999999972, 0.20000000000000284, -0.11000000000000654, 0.22000100000000344, 8-7-2014
0.4700020000000009, 0.22000100000000344, 0.1100009999999969, 0.8599960000000024, 8-8-2014
0.9200020000000038, 0.8599960000000024, -0.04999899999999968, -0.10999999999999943, 8-9-2014
0.48999799999999993, -0.10999999999999943, 0.15999899999999911, 0.07000000000000028, 8-10-2014
0.5, 0.07000000000000028, 0.09000000000000341, 0.15000199999999353, 8-11-2014
0.49000100000000657, 0.15000199999999353, 0.09000000000000341, -0.1599999999999966, 8-12-2014
0.25, -0.1599999999999966, -0.11000000000000654, 0.2700000000000031, 8-13-2014
0.32999800000000334, 0.2700000000000031, -0.04000099999999662, 0.6900029999999973, 8-14-2014
0.7399979999999999, 0.6900029999999973, 0.04999899999999968, -0.26000200000000007, 8-15-2014
0.29000100000000373, -0.26000200000000007, 0.15000100000000316, -0.27999900000000366, 8-16-2014
0.5, -0.27999900000000366, -0.020000000000003126, 0.00999800000000306, 8-17-2014
0.35999999999999943, 0.00999800000000306, 0.09000000000000341, -0.09999800000000647, 8-18-2014
0.3099980000000002, -0.09999800000000647, -0.17999999999999972, 0.04000100000000373, 8-19-2014
0.20000000000000284, 0.04000100000000373, 0.15999899999999911, 0.1099969999999999, 8-20-2014
0.2700010000000006, 0.1099969999999999, -0.1599999999999966, -0.18999800000000278, 8-21-2014
0.4799999999999969, -0.18999800000000278, 0.25, -0.25, 9-1-2014
0.4299999999999997, -0.25, -0.04000100000000373, 0.38000100000000003, 9-2-2014
0.5700000000000003, 0.38000100000000003, 0.00999800000000306, 0.08000200000000035, 9-3-2014
0.2899969999999996, 0.08000200000000035, -0.04000099999999662, 0.370002999999997, 9-4-2014
0.6799999999999997, 0.370002999999997, -0.04000100000000373, -0.38000100000000003, 9-5-2014
0.44000299999999726, -0.38000100000000003, -0.060001999999997224, 0.17000200000000376, 9-6-2014
0.4600030000000004, 0.17000200000000376, -0.2299990000000065, 0.2299990000000065, 9-7-2014
0.49000100000000657, 0.2299990000000065, -0.11999800000000249, -0.28000300000000067, 9-8-2014
0.4099999999999966, -0.28000300000000067, 0.09000000000000341, -0.16999800000000675, 9-9-2014
0.5400000000000063, -0.16999800000000675, -0.06999999999999318, 0.45999899999999627, 9-10-2014
0.6100009999999969, 0.45999899999999627, -0.020000000000003126, 0.07000000000000028, 9-11-2014
0.4599990000000034, 0.07000000000000028, 0.1399990000000031, 0.04999899999999968, 9-12-2014
0.30999700000000274, 0.04999899999999968, -0.00999800000000306, -0.3399999999999963, 9-13-2014
0.40000100000000316, -0.3399999999999963, -0.04000100000000373, -0.06999999999999318, 9-14-2014
0.4799999999999969, -0.06999999999999318, 0.0, -0.29000100000000373, 9-15-2014
0.32999800000000334, -0.29000100000000373, -0.019995999999999015, 0.34999799999999937, 9-16-2014
0.4799989999999994, 0.34999799999999937, -0.07000000000000028, -0.5400009999999966, 9-17-2014
0.9099999999999966, -0.5400009999999966, 0.11999899999999997, 0.0, 9-18-2014
0.7299999999999969, 0.0, -0.1999970000000033, 0.8400010000000009, 9-19-2014
1.0500029999999967, 0.8400010000000009, 0.0, -0.08000200000000035, 9-20-2014
0.5900000000000034, -0.08000200000000035, -0.20999900000000338, -0.619999, 9-21-2014
0.9399989999999931, -0.619999, -0.030002999999993563, -0.43999900000000025, 10-1-2014
0.7400019999999969, -0.43999900000000025, 0.13999999999999346, 0.36999899999999997, 10-2-2014
0.7099989999999963, 0.36999899999999997, 0.12000300000000408, -0.04000100000000373, 10-3-2014
0.6100009999999969, -0.04000100000000373, -0.07000000000000028, -0.5699999999999932, 10-4-2014
0.630001, -0.5699999999999932, 0.020000999999993496, 0.7799980000000062, 10-5-2014
1.2299999999999969, 0.7799980000000062, -0.11999800000000249, -0.5300030000000007, 10-6-2014
0.8499979999999994, -0.5300030000000007, -1.0, -0.7099989999999998, 10-7-2014
2.360000999999997, -0.7099989999999998, -0.19000099999999875, -0.25, 10-8-2014
0.8999999999999986, -0.25, 0.520000999999997, 0.14999900000000466, 10-9-2014
0.9599989999999998, 0.14999900000000466, -1.599998000000003, 0.7399999999999984, 10-10-2014
2.0, 0.7399999999999984, -0.39000199999999907, -0.03999899999999812, 10-11-2014
0.7600000000000016, -0.03999899999999812, 0.3500009999999989, 0.1799980000000012, 10-12-2014
0.7399999999999984, 0.1799980000000012, -0.33999800000000135, 0.5399989999999981, 10-13-2014
0.8000010000000017, 0.5399989999999981, 0.09000000000000341, 0.9400009999999952, 10-14-2014
1.0399990000000017, 0.9400009999999952, 0.04999899999999968, -0.38999999999999346, 10-15-2014
0.6499979999999965, -0.38999999999999346, 0.4500010000000003, -0.030002000000003193, 10-16-2014
0.3100019999999972, -0.030002000000003193, 0.030002000000003193, 0.45999899999999627, 10-17-2014
0.7600020000000001, 0.45999899999999627, -0.09999799999999937, 0.11999899999999997, 10-18-2014
0.5299989999999966, 0.11999899999999997, 0.029998999999996556, 0.5100020000000001, 10-19-2014
0.5200000000000031, 0.5100020000000001, 0.01999600000000612, 0.1599999999999966, 10-20-2014
0.4600030000000004, 0.1599999999999966, -0.3399959999999993, -1.0, 10-21-2014
1.2099989999999963, -1.0, 1.1599999999999966, 0.2699960000000061, 10-22-2014
1.379997000000003, 0.2699960000000061, -0.1999970000000033, 0.5, 10-23-2014
0.6899990000000003, 0.5, -0.06000099999999975, 0.2900009999999966, 11-1-2014
0.5699999999999932, 0.2900009999999966, -0.49000199999999694, -0.2900009999999966, 11-2-2014
0.5, -0.2900009999999966, -0.06999900000000281, 0.13000100000000003, 11-3-2014
0.8200000000000003, 0.13000100000000003, 0.1599999999999966, -0.3999979999999965, 11-4-2014
0.8100009999999997, -0.3999979999999965, -0.15000200000000063, -0.17000199999999666, 11-5-2014
0.4099999999999966, -0.17000199999999666, 0.10000299999999385, -0.04999999999999716, 11-6-2014
0.3399999999999963, -0.04999999999999716, -0.08000100000000288, 0.15000100000000316, 11-7-2014
0.41999799999999965, 0.15000100000000316, -0.030003000000000668, 0.33000200000000035, 11-8-2014
0.5200009999999935, 0.33000200000000035, 0.07000000000000028, 0.20000100000000032, 11-9-2014
0.6200030000000041, 0.20000100000000032, -0.13000100000000003, 0.42000199999999666, 11-10-2014
0.49000199999999694, 0.42000199999999666, -0.05000299999999669, 0.5200000000000031, 11-11-2014
0.740002000000004, 0.5200000000000031, -0.020000000000003126, -0.3400010000000009, 11-12-2014
0.5400009999999966, -0.3400010000000009, -0.20999899999999627, 1.8100019999999972, 11-13-2014
1.9700010000000034, 1.8100019999999972, 0.029998999999996556, -0.38999999999999346, 11-14-2014
0.9599990000000034, -0.38999999999999346, 0.2999989999999997, 0.3600009999999969, 11-15-2014
0.5899999999999963, 0.3600009999999969, 0.1100009999999969, -0.04000099999999662, 11-16-2014
0.32999799999999624, -0.04000099999999662, 0.04999899999999968, 0.5300030000000007, 11-17-2014
0.7100030000000004, 0.5300030000000007, 0.139998999999996, 0.20999900000000338, 11-18-2014
0.75, 0.20999900000000338, -0.04000099999999662, -0.04000100000000373, 11-19-2014
0.7199969999999993, -0.04000100000000373, 0.010002000000000066, 0.41999799999999965, 12-1-2014
0.41999799999999965, 0.41999799999999965, 0.08000200000000035, -0.25, 12-2-2014
0.4799990000000065, -0.25, -0.02999799999999908, 0.05999700000000274, 12-3-2014
0.41999800000000675, 0.05999700000000274, 0.1100009999999969, 0.09999799999999937, 12-4-2014
0.3800019999999975, 0.09999799999999937, -0.20999899999999627, -0.25999800000000306, 12-5-2014
0.7900009999999966, -0.25999800000000306, -0.5300030000000007, 0.22000100000000344, 12-6-2014
0.7900010000000037, 0.22000100000000344, 0.04000099999999662, -0.5100020000000001, 12-7-2014
0.7200010000000034, -0.5100020000000001, 0.08000200000000035, 0.20000100000000032, 12-8-2014
0.7700000000000031, 0.20000100000000032, -0.25, -0.22000100000000344, 12-9-2014
0.5999989999999968, -0.22000100000000344, 0.15999900000000622, -0.47000100000000344, 12-10-2014
0.8799969999999959, -0.47000100000000344, -0.05999700000000274, -0.29999999999999716, 12-11-2014
0.9399990000000003, -0.29999999999999716, 0.05999800000000022, 0.620002999999997, 12-12-2014
1.0, 0.620002999999997, 0.5099980000000031, 0.2700000000000031, 12-13-2014
0.5900000000000034, 0.2700000000000031, 0.0, -0.6500010000000032, 12-14-2014
0.9299999999999997, -0.6500010000000032, 0.020000000000003126, 0.8200000000000003, 12-15-2014
0.869999, 0.8200000000000003, 0.19000299999999726, 0.02999799999999908, 12-16-2014
0.40000200000000063, 0.02999799999999908, 0.04000100000000373, -0.030002000000003193, 12-17-2014
0.41999799999999965, -0.030002000000003193, 0.08000100000000288, 0.029998999999996556, 12-18-2014
0.2200019999999938, 0.029998999999996556, -0.09999799999999937, -0.2700010000000006, 12-19-2014
0.3500020000000035, -0.2700010000000006, -0.09999799999999937, -0.3200039999999973, 12-20-2014
0.4300009999999972, -0.3200039999999973, -0.12999700000000303, -0.3400000000000034, 12-21-2014
1.0499989999999997, -0.30999700000000274, -0.1599999999999966, -0.25, 1-1-2015
0.5100020000000001, -0.25, 0.13000100000000003, -0.8000030000000038, 1-2-2015
0.9700019999999938, -0.8000030000000038, 0.36000000000000654, 0.38000100000000003, 1-3-2015
0.7999999999999972, 0.38000100000000003, 0.34999899999999684, 0.3200000000000003, 1-4-2015
0.7400019999999969, 0.3200000000000003, 0.08000100000000288, -0.010002000000000066, 1-5-2015
0.7099989999999963, -0.010002000000000066, 0.14000399999999757, -0.30000400000000127, 1-6-2015
0.7700000000000031, -0.30000400000000127, 0.2700010000000006, -0.36999899999999997, 1-7-2015
1.2000010000000003, -0.36999899999999997, -0.16999799999999965, 0.019995999999999015, 1-8-2015
1.0, 0.019995999999999015, 0.1800009999999972, -0.3399999999999963, 1-9-2015
0.8500020000000035, -0.3399999999999963, -0.07000000000000028, 0.33000200000000035, 1-10-2015
1.1500019999999935, 0.33000200000000035, -0.35000300000000095, -0.009997999999995955, 1-11-2015
0.8899990000000031, -0.009997999999995955, -0.24000200000000405, 0.6300019999999975, 1-12-2015
0.9099999999999966, 0.6300019999999975, 0.08000100000000288, 0.34999899999999684, 1-13-2015
0.8600009999999969, 0.34999899999999684, 0.04999900000000679, -0.5099980000000031, 1-14-2015
0.6499979999999965, -0.5099980000000031, -0.26000200000000007, -0.3799980000000005, 1-15-2015
0.7299989999999994, -0.3799980000000005, -1.4099989999999991, -0.21000300000000038, 1-16-2015
1.1700020000000038, -0.21000300000000038, 0.2800020000000032, -0.6900020000000069, 1-17-2015
0.9799999999999969, -0.6900020000000069, 0.060001000000006854, 0.36999899999999997, 1-18-2015
0.8199999999999932, 0.36999899999999997, -0.5099980000000031, -0.6600000000000037, 1-19-2015
0.9900019999999969, -0.6600000000000037, 0.020000000000003126, 0.5900010000000009, 1-20-2015
1.0999979999999994, 0.5900010000000009, 0.12999699999999592, -0.07999799999999624, 2-1-2015
1.4399980000000028, -0.07999799999999624, -0.030003000000000668, -0.07000000000000028, 2-2-2015
0.5400010000000037, -0.07000000000000028, 0.08000200000000035, 0.25999900000000054, 2-3-2015
0.5400009999999966, 0.25999900000000054, -0.0200010000000006, -0.619999, 2-4-2015
0.8600009999999969, -0.619999, -0.2999989999999997, -0.07000000000000028, 2-5-2015
0.5700039999999973, -0.07000000000000028, 0.2700010000000006, 0.5, 2-6-2015
0.6800009999999972, 0.5, -0.030003000000000668, -0.11999899999999997, 2-7-2015
0.4399980000000028, -0.11999899999999997, 0.4300009999999972, 0.15000100000000316, 2-8-2015
0.370002999999997, 0.15000100000000316, 0.11999899999999997, 0.1100009999999969, 2-9-2015
0.41999799999999965, 0.1100009999999969, 0.04000100000000373, 0.3399999999999963, 2-10-2015
0.49000199999999694, 0.3399999999999963, -0.0899999999999963, -0.3800019999999975, 2-11-2015
0.5200000000000031, -0.3800019999999975, -0.020000000000003126, -0.04000099999999662, 2-12-2015
0.36999899999999997, -0.04000099999999662, -0.05999700000000274, 0.25999799999999595, 2-13-2015
0.6600000000000037, 0.25999799999999595, -0.009997999999995955, -0.6400039999999976, 2-14-2015
0.9199979999999996, -0.6400039999999976, -0.14999700000000615, 0.7999989999999997, 2-15-2015
0.9800039999999939, 0.7999989999999997, -0.38000100000000003, -0.07999799999999624, 2-16-2015
0.42000200000000376, -0.07999799999999624, -0.33000200000000035, 0.030003000000000668, 2-17-2015
0.4500010000000003, 0.030003000000000668, -0.0200010000000006, -0.38000100000000003, 2-18-2015
0.4299999999999997, -0.38000100000000003, 0.04000099999999662, 0.7700000000000031, 2-19-2015
1.010002, 0.7700000000000031, -0.10999999999999943, 0.14999699999999905, 3-1-2015
0.47000100000000344, 0.14999699999999905, -0.23999700000000246, 0.25999800000000306, 3-2-2015
0.6899989999999931, 0.25999800000000306, 0.1399990000000031, -0.5299980000000062, 3-3-2015
0.9099999999999966, -0.5299980000000062, -0.18999900000000025, -0.35000199999999637, 3-4-2015
0.5999979999999994, -0.35000199999999637, 0.010002000000000066, -0.4799999999999969, 3-5-2015
0.7900000000000063, -0.4799999999999969, -0.4799990000000065, -0.5400009999999966, 3-6-2015
0.9099999999999966, -0.5400009999999966, 0.26999800000000107, 0.36000299999999896, 3-7-2015
1.009998000000003, 0.36000299999999896, -1.3200019999999988, -0.21000100000000188, 3-8-2015
1.0200000000000031, -0.21000100000000188, -0.16999999999999815, 0.3000009999999982, 3-9-2015
0.619999, 0.3000009999999982, 0.0, -0.10000000000000142, 3-10-2015
0.4600010000000019, -0.10000000000000142, -0.25, 0.010000000000001563, 3-11-2015
0.3200000000000003, 0.010000000000001563, -0.17999999999999972, 0.4799989999999994, 3-12-2015
0.9000020000000006, 0.4799989999999994, -0.10999800000000093, -0.040001000000000175, 3-13-2015
0.40999900000000267, -0.040001000000000175, 0.25, 0.3199990000000028, 3-14-2015
0.6900009999999988, 0.3199990000000028, -0.01999800000000107, -0.08999999999999986, 3-15-2015
0.5899999999999999, -0.08999999999999986, -0.040001000000000175, -0.36999899999999997, 3-16-2015
0.5800000000000018, -0.36999899999999997, 0.01999800000000107, -0.9200000000000017, 3-17-2015
1.029997999999999, -0.9200000000000017, -0.38999899999999954, 0.5799999999999983, 3-18-2015
1.0900009999999973, 0.5799999999999983, -0.06999999999999673, 1.9899999999999984, 3-19-2015
3.1499999999999986, 1.9899999999999984, -0.33999999999999986, -0.20000100000000032, 3-20-2015
0.7999989999999997, -0.20000100000000032, -0.02999900000000011, -0.16000000000000014, 3-21-2015
0.7299989999999994, -0.16000000000000014, -0.14000099999999804, -0.3200000000000003, 3-22-2015
0.6700000000000017, -0.3200000000000003, -0.010000000000001563, 0.010000000000001563, 4-1-2015
0.5599999999999987, 0.010000000000001563, 0.0, 0.23000199999999893, 4-2-2015
0.7999989999999997, 0.23000199999999893, 0.02999900000000011, 0.19000000000000128, 4-3-2015
0.5899999999999999, 0.19000000000000128, -0.030000000000001137, 0.07999900000000082, 4-4-2015
0.5, 0.07999900000000082, -0.6299990000000015, 0.5599999999999987, 4-5-2015
1.0500009999999982, 0.5599999999999987, 0.08999999999999986, 0.6000000000000014, 4-6-2015
0.6100010000000005, 0.6000000000000014, -0.12000099999999847, -0.07999900000000082, 4-7-2015
0.33999999999999986, -0.07999900000000082, -0.05000000000000071, -0.19000000000000128, 4-8-2015
0.6700009999999992, -0.19000000000000128, 0.7699980000000046, 0.5700039999999973, 4-9-2015
0.9200019999999967, 0.5700039999999973, 0.019995999999999015, 0.0200010000000006, 4-10-2015
0.2900009999999966, 0.0200010000000006, -0.3600009999999969, -0.039996999999999616, 4-11-2015
0.4799999999999969, -0.039996999999999616, 0.13999999999999346, 0.11999899999999997, 4-12-2015
0.26000200000000007, 0.11999899999999997, 0.20000000000000284, -0.5, 4-13-2015
0.6900020000000069, -0.5, -0.020000000000003126, 0.29000100000000373, 4-14-2015
0.6900020000000069, 0.29000100000000373, -0.6600000000000037, 0.30999700000000274, 4-15-2015
0.40000199999999353, 0.30999700000000274, 0.060001999999997224, -0.32999799999999624, 4-16-2015
0.45999999999999375, -0.32999799999999624, 0.0, 0.41999799999999965, 4-17-2015
0.6099969999999999, 0.41999799999999965, -0.20000100000000032, 0.7200010000000034, 4-18-2015
0.8100009999999997, 0.7200010000000034, -0.4599990000000034, 0.32999800000000334, 4-19-2015
0.4500010000000003, 0.32999800000000334, -0.17999999999999972, -0.1600000000000037, 4-20-2015
0.5499989999999997, -0.1600000000000037, 0.08000200000000035, 0.7899969999999996, 4-21-2015
0.870002999999997, 0.7899969999999996, -0.14999799999999652, 0.1599999999999966, 5-1-2015
0.27999899999999656, 0.1599999999999966, -0.4299999999999997, -0.3600009999999969, 5-2-2015
0.5299979999999991, -0.3600009999999969, -0.1399990000000031, -0.27999899999999656, 5-3-2015
0.8600009999999969, -0.27999899999999656, 0.04999899999999968, -0.029998000000006186, 5-4-2015
0.4500010000000003, -0.029998000000006186, 0.2699960000000061, 0.2900009999999966, 5-5-2015
0.5400009999999966, 0.2900009999999966, -0.11999899999999997, 0.009999000000000535, 5-6-2015
0.27999900000000366, 0.009999000000000535, -0.25, -0.18999900000000025, 5-7-2015
0.5, -0.18999900000000025, 0.020000000000003126, 0.36999899999999997, 5-8-2015
0.6300019999999975, 0.36999899999999997, 0.2200019999999938, 0.11000000000000654, 5-9-2015
0.3600009999999969, 0.11000000000000654, 0.11999899999999997, -0.09999800000000647, 5-10-2015
0.36999899999999997, -0.09999800000000647, -0.010002000000000066, 0.4299999999999997, 5-11-2015
0.5600019999999972, 0.4299999999999997, -0.04999899999999968, -0.20999899999999627, 5-12-2015
0.3899990000000031, -0.20999899999999627, -0.09000100000000089, 0.3099980000000002, 5-13-2015
0.49000199999999694, 0.3099980000000002, -0.1599999999999966, 0.3399999999999963, 5-14-2015
0.49000099999999946, 0.3399999999999963, -0.07999799999999624, -0.020000000000003126, 5-15-2015
0.18999800000000278, -0.020000000000003126, -0.1800009999999972, -0.17000200000000376, 5-16-2015
0.4500009999999932, -0.17000200000000376, 0.10000300000000095, 0.5099980000000031, 5-17-2015
0.7199969999999993, 0.5099980000000031, 0.030002999999993563, 0.2699960000000061, 5-18-2015
0.4700020000000009, 0.2699960000000061, 0.23000399999999388, 0.21999700000000644, 5-19-2015
0.5400009999999966, 0.21999700000000644, -0.09000000000000341, -0.4599990000000034, 5-20-2015
0.9100000000000037, -0.4599990000000034, -0.2700009999999935, -0.36999899999999997, 6-1-2015
0.6100009999999969, -0.36999899999999997, -0.10000200000000348, -0.4399980000000028, 6-2-2015
0.6500019999999935, -0.4399980000000028, -0.2200019999999938, -0.1999970000000033, 6-3-2015
0.5200000000000031, -0.1999970000000033, -0.030002000000003193, -0.4399989999999967, 6-4-2015
0.4699990000000014, -0.4399989999999967, -0.030000999999998612, -0.5100000000000016, 6-5-2015
0.7400020000000005, -0.5100000000000016, 0.030000999999998612, -0.0799999999999983, 6-6-2015
0.5100000000000016, -0.0799999999999983, 0.20999899999999982, 0.36000100000000046, 6-7-2015
0.7899989999999981, 0.36000100000000046, 0.13000100000000003, -0.1000009999999989, 6-8-2015
0.2599979999999995, -0.1000009999999989, -0.13000100000000003, -0.3999990000000011, 6-9-2015
0.899996999999999, -0.3999990000000011, -0.19999900000000181, 0.26999800000000107, 6-10-2015
0.5699990000000028, 0.26999800000000107, -0.12999899999999798, 0.379998999999998, 6-11-2015
0.630001, 0.379998999999998, 0.11000100000000046, 0.20000100000000032, 6-12-2015
0.39999900000000466, 0.20000100000000032, 0.13000100000000003, 0.2999989999999997, 6-13-2015
0.5, 0.2999989999999997, 0.0200010000000006, -0.33000200000000035, 6-14-2015
0.6100010000000005, -0.33000200000000035, 0.18999800000000278, 0.0, 6-15-2015
0.30999700000000274, 0.0, 0.05000299999999669, -0.22000099999999634, 6-16-2015
0.4100000000000037, -0.22000099999999634, 0.060001999999997224, -0.2400020000000005, 6-17-2015
0.2700029999999991, -0.2400020000000005, 0.11000000000000298, -0.03000000000000469, 6-18-2015
0.33000000000000185, -0.03000000000000469, -0.4799999999999969, -0.490000000000002, 6-19-2015
0.770000999999997, -0.490000000000002, -0.31999899999999926, -0.3100020000000008, 6-20-2015
0.6700009999999992, -0.3100020000000008, 0.240000000000002, -0.20999899999999982, 6-21-2015
0.5400010000000002, -0.20999899999999982, 0.06999999999999673, -0.3099999999999987, 6-22-2015
0.5399989999999981, -0.3099999999999987, 0.0, 0.37999900000000153, 7-1-2015
0.8200000000000003, 0.37999900000000153, -0.3199990000000028, -0.19999899999999826, 7-2-2015
0.6100010000000005, -0.19999899999999826, -0.1700000000000017, 0.02999900000000011, 7-3-2015
0.8399999999999999, 0.02999900000000011, -0.5, 0.10000000000000142, 7-4-2015
0.5200000000000031, 0.10000000000000142, 0.2199990000000014, -0.7899990000000017, 7-5-2015
1.0699989999999993, -0.7899990000000017, 0.2700010000000006, -0.030000999999998612, 7-6-2015
0.40999900000000267, -0.030000999999998612, 0.09999999999999787, 0.46000000000000085, 7-7-2015
0.6299990000000015, 0.46000000000000085, -0.07000000000000028, -0.010000000000001563, 7-8-2015
0.6700000000000017, -0.010000000000001563, 0.0, 0.040001000000000175, 7-9-2015
0.520000999999997, 0.040001000000000175, 0.7799980000000026, -0.5699990000000028, 7-10-2015
1.379999999999999, -0.5699990000000028, -0.23999999999999844, -0.19000099999999875, 7-11-2015
0.6999989999999983, -0.19000099999999875, 0.15000199999999708, -0.520000999999997, 7-12-2015
0.5500009999999982, -0.520000999999997, -0.1400010000000016, -0.23999999999999844, 7-13-2015
0.5899999999999999, -0.23999999999999844, -0.1499990000000011, 0.040001000000000175, 7-14-2015
0.4200000000000017, 0.040001000000000175, 0.04999899999999968, -0.05999999999999872, 7-15-2015
0.5399990000000017, -0.05999999999999872, -0.06999900000000281, -0.47000199999999737, 7-16-2015
0.5799999999999983, -0.47000199999999737, 0.010000999999999038, 0.28000000000000114, 7-17-2015
0.7999990000000032, 0.28000000000000114, 0.16000000000000014, 0.44999899999999826, 7-18-2015
0.739999000000001, 0.44999899999999826, -0.009997999999999507, 0.059999000000001246, 7-19-2015
0.33999800000000135, 0.059999000000001246, 0.08999999999999986, -0.19000000000000128, 7-20-2015
0.6000009999999989, -0.19000000000000128, 0.21000099999999833, -0.16999999999999815, 7-21-2015
0.3500009999999989, -0.16999999999999815, 0.04999899999999968, 0.04999899999999968, 7-22-2015
0.45000000000000284, 0.04999899999999968, -0.06999899999999926, 0.1499990000000011, 8-1-2015
0.2899989999999981, 0.1499990000000011, 0.060001999999997224, -0.07000000000000028, 8-2-2015
0.36999899999999997, -0.07000000000000028, 0.03999900000000167, -0.14999999999999858, 8-3-2015
0.379999999999999, -0.14999999999999858, -0.21000100000000188, 0.08000000000000185, 8-4-2015
0.26999800000000107, 0.08000000000000185, 0.19000099999999875, 0.5699989999999993, 8-5-2015
0.6200009999999985, 0.5699989999999993, -0.16999999999999815, -0.5, 8-6-2015
0.5200010000000006, -0.5, -0.30999900000000125, 0.7999989999999997, 8-7-2015
0.9100000000000001, 0.7999989999999997, -0.059999000000001246, -0.5299990000000001, 8-8-2015
0.5800000000000018, -0.5299990000000001, 0.049999000000003235, 0.09999999999999787, 8-9-2015
0.2200009999999999, 0.09999999999999787, -0.19000000000000128, 0.25, 8-10-2015
0.4900020000000005, 0.25, -0.12999899999999798, -0.040001000000000175, 8-11-2015
0.25, -0.040001000000000175, -0.26000000000000156, -0.2899989999999981, 8-12-2015
0.5199980000000011, -0.2899989999999981, -0.33000000000000185, -0.5, 8-13-2015
0.7099989999999998, -0.5, -0.20000100000000032, -0.770000999999997, 8-14-2015
1.0700000000000003, -0.770000999999997, -1.359998000000001, 1.0499989999999997, 8-15-2015
2.759998000000003, 1.0499989999999997, 0.7900010000000002, -1.1700000000000017, 8-16-2015
1.279999, -1.1700000000000017, 0.6399990000000031, 0.7899989999999981, 8-17-2015
1.2600000000000016, 0.7899989999999981, 0.4200000000000017, 0.0, 8-18-2015
0.8999999999999986, 0.0, -0.04999899999999968, 0.75, 8-19-2015
1.1600000000000001, 0.75, -0.09000000000000341, 0.21000100000000188, 8-20-2015
0.9699990000000014, 0.21000100000000188, -0.630001, -0.08999999999999986, 8-21-2015
0.5100000000000016, -0.08999999999999986, 0.5300000000000011, 0.25, 9-1-2015
0.4600010000000019, 0.25, 0.19999899999999826, 0.2800009999999986, 9-2-2015
0.729999000000003, 0.2800009999999986, -0.509999999999998, -0.05000000000000071, 9-3-2015
0.48999999999999844, -0.05000000000000071, 0.46000000000000085, 0.5199999999999996, 9-4-2015
0.5499989999999997, 0.5199999999999996, 0.2199990000000014, -0.47999900000000295, 9-5-2015
0.9500009999999968, -0.47999900000000295, -0.05999999999999872, 0.08999999999999986, 9-6-2015
0.7600000000000016, 0.08999999999999986, -0.19000000000000128, 0.3899990000000031, 9-7-2015
0.4799989999999994, 0.3899990000000031, 0.0, -0.08000000000000185, 9-8-2015
0.44000099999999875, -0.08000000000000185, 0.1700000000000017, 0.17000099999999918, 9-9-2015
0.46000099999999833, 0.17000099999999918, -0.10999900000000196, 0.1499990000000011, 9-10-2015
0.3900010000000016, 0.1499990000000011, -0.1499990000000011, 0.08999800000000135, 9-11-2015
0.6500020000000006, 0.08999800000000135, -0.48999999999999844, -0.19999900000000181, 9-12-2015
0.6100010000000005, -0.19999900000000181, 0.07000000000000028, 0.07000000000000028, 9-13-2015
0.3999990000000011, 0.07000000000000028, -0.48999999999999844, 0.0, 9-14-2015
0.41999999999999815, 0.0, 0.34999999999999787, -0.28000000000000114, 9-15-2015
0.5, -0.28000000000000114, -0.3600009999999969, 0.1000009999999989, 9-16-2015
0.7999990000000032, 0.1000009999999989, 0.46000099999999833, -0.1300019999999975, 9-17-2015
0.49000199999999694, -0.1300019999999975, -0.12999900000000153, 0.08000000000000185, 9-18-2015
0.7200020000000009, 0.08000000000000185, 0.06999999999999673, 0.41000000000000014, 9-19-2015
0.5899999999999999, 0.41000000000000014, 0.3199990000000028, 0.5799999999999983, 9-20-2015
0.7799990000000001, 0.5799999999999983, 0.07000000000000028, -0.20999899999999982, 9-21-2015
0.8200019999999988, -0.20999899999999982, -0.3299999999999983, 0.8399999999999999, 10-1-2015
1.0, 0.8399999999999999, 0.21999999999999886, 0.4799989999999994, 10-2-2015
0.8200000000000003, 0.4799989999999994, -0.04999899999999968, 0.5799999999999983, 10-3-2015
0.739999000000001, 0.5799999999999983, 0.26000000000000156, 0.3200000000000003, 10-4-2015
0.6999989999999983, 0.3200000000000003, -0.09000000000000341, 0.29000000000000625, 10-5-2015
0.6199979999999989, 0.29000000000000625, -0.15000100000000316, -0.22999999999999687, 10-6-2015
0.6099980000000009, -0.22999999999999687, 0.020000999999993496, 0.04999900000000679, 10-7-2015
0.3200000000000003, 0.04999900000000679, -0.18000000000000682, 0.010002000000000066, 10-8-2015
0.49999999999999645, 0.010002000000000066, -0.6500019999999971, 1.4100000000000001, 10-9-2015
2.0799999999999983, 1.4100000000000001, 0.04000100000000373, -0.09000000000000341, 10-10-2015
0.6000019999999964, -0.09000000000000341, 0.0, 0.2900009999999966, 10-11-2015
0.7200010000000034, 0.2900009999999966, -0.1599999999999966, 0.7099990000000034, 10-12-2015
0.75, 0.7099990000000034, -0.18999800000000278, 0.039996999999999616, 10-13-2015
0.39000000000000057, 0.039996999999999616, 0.2299989999999994, -0.2999989999999997, 10-14-2015
0.7299989999999994, -0.2999989999999997, 0.33000200000000035, 0.7000010000000003, 10-15-2015
0.9099999999999966, 0.7000010000000003, 0.139998999999996, 0.360001000000004, 10-16-2015
0.6299969999999959, 0.360001000000004, -0.1300019999999975, -0.17999999999999972, 10-17-2015
0.4100000000000037, -0.17999999999999972, -0.18000000000000682, 0.060001000000006854, 10-18-2015
0.23999799999999993, 0.060001000000006854, 0.0, 0.23999799999999993, 10-19-2015
0.5900000000000034, 0.23999799999999993, -0.5099980000000031, -0.17000200000000376, 10-20-2015
0.5200009999999935, -0.17000200000000376, 0.06999900000000281, -0.23999700000000246, 10-21-2015
0.4299999999999997, -0.23999700000000246, -0.13000100000000003, 0.38000100000000003, 10-22-2015
0.6399999999999935, 0.38000100000000003, -0.1100009999999969, 0.31000099999999975, 11-1-2015
0.4299999999999997, 0.31000099999999975, -0.04000099999999662, -0.11999800000000249, 11-2-2015
0.3699980000000025, -0.11999800000000249, -0.05000400000000127, -0.09999799999999937, 11-3-2015
0.47000100000000344, -0.09999799999999937, -0.07000000000000028, -0.0899999999999963, 11-4-2015
0.5600010000000069, -0.0899999999999963, -0.24000200000000405, -0.25, 11-5-2015
0.75, -0.25, -0.17999999999999972, 0.04000100000000373, 11-6-2015
0.4599990000000034, 0.04000100000000373, -0.04999900000000679, -0.2999989999999997, 11-7-2015
0.5800020000000004, -0.2999989999999997, -0.15000199999999353, -0.30999700000000274, 11-8-2015
0.5299989999999966, -0.30999700000000274, -0.1300019999999975, -0.15999900000000622, 11-9-2015
0.4200020000000002, -0.15999900000000622, -0.020000999999993496, 0.009997999999995955, 11-10-2015
0.32999800000000334, 0.009997999999995955, 0.05000400000000127, 0.48999700000000246, 11-11-2015
0.870002999999997, 0.48999700000000246, 0.09000099999999378, 0.4299999999999997, 11-12-2015
0.620002999999997, 0.4299999999999997, 0.060001000000006854, 1.0799979999999962, 11-13-2015
1.5999989999999968, 1.0799979999999962, 0.1800009999999972, 0.17999999999999972, 11-14-2015
0.8100009999999997, 0.17999999999999972, 0.0, -0.17999999999999972, 11-15-2015
0.4399980000000028, -0.17999999999999972, -0.14999799999999652, 0.029998999999996556, 11-16-2015
0.5399969999999996, 0.029998999999996556, -0.10000299999999385, 0.19000299999999726, 11-17-2015
0.6000029999999938, 0.19000299999999726, 0.0899999999999963, -0.08000199999999325, 11-18-2015
0.2799979999999991, -0.08000199999999325, 0.0899999999999963, 0.22000100000000344, 11-19-2015
0.4700020000000009, 0.22000100000000344, 0.22999999999999687, 0.09000000000000341, 11-20-2015
0.49000199999999694, 0.09000000000000341, 0.0, -0.25999800000000306, 12-1-2015
0.5999989999999968, -0.25999800000000306, 0.1399990000000031, -0.9300000000000068, 12-2-2015
0.9900019999999969, -0.9300000000000068, 0.07000000000000028, 0.8299980000000033, 12-3-2015
1.0299989999999966, 0.8299980000000033, -0.14999800000000363, 0.20000100000000032, 12-4-2015
0.41999799999999965, 0.20000100000000032, -0.3200039999999973, 0.08000200000000035, 12-5-2015
0.5300030000000007, 0.08000200000000035, 0.13000100000000003, -0.07000000000000028, 12-6-2015
0.7100030000000004, -0.07000000000000028, 0.039996999999999616, -0.07999799999999624, 12-7-2015
0.4100000000000037, -0.07999799999999624, -0.4599990000000034, -0.04000099999999662, 12-8-2015
0.4500010000000003, -0.04000099999999662, 0.1100009999999969, 0.09000000000000341, 12-9-2015
0.5999989999999968, 0.09000000000000341, 0.1800009999999972, 0.5299979999999991, 12-10-2015
0.7099989999999963, 0.5299979999999991, 0.1800009999999972, -0.060001999999997224, 12-11-2015
0.7000010000000003, -0.060001999999997224, 0.0200010000000006, -0.4100000000000037, 12-12-2015
0.6100009999999969, -0.4100000000000037, -0.17999999999999972, -0.8600009999999969, 12-13-2015
0.8899990000000031, -0.8600009999999969, 0.24000199999999694, 0.13000100000000003, 12-14-2015
0.4799989999999994, 0.13000100000000003, 0.11999899999999997, 0.36999899999999997, 12-15-2015
0.5099989999999934, 0.36999899999999997, 0.22000100000000344, 0.04999899999999968, 12-16-2015
0.2700000000000031, 0.04999899999999968, 0.07000000000000028, -0.09000000000000341, 12-17-2015
0.2999989999999997, -0.09000000000000341, -0.029998999999996556, -0.0200010000000006, 12-18-2015
0.4299999999999997, -0.0200010000000006, 0.07999800000000334, 0.4300009999999972, 12-19-2015
0.5800020000000004, 0.4300009999999972, -0.05999800000000022, -0.3899990000000031, 12-20-2015
0.5, -0.3899990000000031, -0.17000199999999666, -0.36999899999999997, 12-21-2015
0.5499989999999997, 0.1100009999999969, -0.030002999999993563, -0.12999700000000303, 1-1-2016
0.47000100000000344, -0.12999700000000303, -0.5800020000000004, -0.16999799999999965, 1-2-2016
0.7200010000000034, -0.16999799999999965, -0.8000030000000038, -0.4399989999999967, 1-3-2016
1.1699980000000032, -0.4399989999999967, 0.25000000000000355, -0.5800000000000018, 1-4-2016
0.7900010000000037, -0.5800000000000018, 0.2999989999999997, 0.2500019999999985, 1-5-2016
0.5400010000000037, 0.2500019999999985, 0.6999970000000033, -0.07999800000000334, 1-6-2016
0.619999, -0.07999800000000334, 0.07999800000000334, -0.8499980000000029, 1-7-2016
1.1000000000000014, -0.8499980000000029, 0.059999000000001246, 0.7700029999999956, 1-8-2016
1.0700000000000003, 0.7700029999999956, -3.0100019999999965, 0.030000000000001137, 1-9-2016
1.0499989999999997, 0.030000000000001137, 0.21999999999999886, -0.18000100000000074, 1-10-2016
0.5799990000000008, -0.18000100000000074, -0.44999899999999826, 0.23999999999999844, 1-11-2016
0.6600019999999986, 0.23999999999999844, 0.05999999999999872, 0.010000000000001563, 1-12-2016
0.7900010000000002, 0.010000000000001563, 0.46000099999999833, -0.19000099999999875, 1-13-2016
0.7299999999999969, -0.19000099999999875, 0.05999999999999872, -0.389999999999997, 1-14-2016
0.6499990000000011, -0.389999999999997, 0.010000999999999038, 0.3299999999999983, 1-15-2016
0.4399979999999992, 0.3299999999999983, -0.060001999999997224, -0.07000000000000028, 1-16-2016
0.5800000000000018, -0.07000000000000028, 0.21000099999999833, -0.050000999999998186, 1-17-2016
0.4299999999999997, -0.050000999999998186, 0.23999999999999844, 0.8100009999999997, 1-18-2016
0.9300009999999972, 0.8100009999999997, -0.3000009999999982, 0.1000009999999989, 1-19-2016
0.48000199999999893, 0.1000009999999989, -0.36999899999999997, -0.6500020000000006, 2-1-2016
0.8600009999999969, -0.6500020000000006, -0.0799999999999983, -0.37999900000000153, 2-2-2016
1.1999990000000018, -0.37999900000000153, -0.20000100000000032, 0.630001, 2-3-2016
0.7699980000000011, 0.630001, -0.19000000000000128, -0.5399989999999981, 2-4-2016
0.8500000000000014, -0.5399989999999981, -0.30000100000000174, 0.08000000000000185, 2-5-2016
0.6800010000000007, 0.08000000000000185, -0.33000000000000185, 0.3199990000000028, 2-6-2016
0.7399999999999984, 0.3199990000000028, 0.07000000000000028, -0.6499990000000011, 2-7-2016
0.8099990000000012, -0.6499990000000011, -0.40000000000000213, 0.3899990000000031, 2-8-2016
0.7300000000000004, 0.3899990000000031, 0.3500009999999989, 0.06999899999999926, 2-9-2016
0.5600020000000008, 0.06999899999999926, 0.11000100000000046, 0.030000999999998612, 2-10-2016
0.5899999999999999, 0.030000999999998612, 0.08000000000000185, 0.6099980000000009, 2-11-2016
0.890000999999998, 0.6099980000000009, 0.060001999999997224, -0.1100009999999969, 2-12-2016
0.38000100000000003, -0.1100009999999969, -0.2199990000000014, -0.4900020000000005, 2-13-2016
0.6200009999999985, -0.4900020000000005, 0.40000200000000063, 0.23999900000000096, 2-14-2016
0.5400010000000002, 0.23999900000000096, -0.05000100000000174, -0.5, 2-15-2016
0.75, -0.5, -0.2799990000000001, 0.6700009999999992, 2-16-2016
0.9199999999999982, 0.6700009999999992, 0.12999900000000153, 0.3000009999999982, 2-17-2016
0.6699999999999982, 0.3000009999999982, 0.25999800000000306, -0.08000000000000185, 2-18-2016
0.379998999999998, -0.08000000000000185, -0.0799999999999983, -0.12999900000000153, 2-19-2016
0.5599990000000012, -0.12999900000000153, 0.33999999999999986, 0.44000099999999875, 2-20-2016
0.7800009999999986, 0.44000099999999875, -0.07000199999999879, 0.2400020000000005, 3-1-2016
0.75, 0.2400020000000005, 0.5899980000000014, -0.5499990000000032, 3-2-2016
0.8099990000000012, -0.5499990000000032, -0.0799999999999983, 0.12999900000000153, 3-3-2016
0.8100020000000008, 0.12999900000000153, -0.03999900000000167, 0.3500009999999989, 3-4-2016
0.6200009999999985, 0.3500009999999989, -0.11000100000000046, -0.27000099999999705, 3-5-2016
0.5, -0.27000099999999705, 0.27000099999999705, 0.040001000000000175, 3-6-2016
0.37000099999999847, 0.040001000000000175, 0.26999800000000107, 0.11000100000000046, 3-7-2016
1.020000999999997, 0.11000100000000046, 0.4200000000000017, 0.08999999999999986, 3-8-2016
0.26000000000000156, 0.08999999999999986, -0.10000000000000142, -0.23000000000000043, 3-9-2016
0.39000199999999907, -0.23000000000000043, -0.08999999999999986, 0.3099999999999987, 3-10-2016
0.5900009999999973, 0.3099999999999987, -0.16000000000000014, 0.20000100000000032, 3-11-2016
0.629998999999998, 0.20000100000000032, 0.06999900000000281, 0.21999999999999886, 3-12-2016
0.46999699999999933, 0.21999999999999886, 0.17999999999999616, 0.5200000000000031, 3-13-2016
0.6299980000000005, 0.5200000000000031, -0.45000000000000284, 0.11000000000000654, 3-14-2016
0.46999699999999933, 0.11000000000000654, -0.18000000000000682, 0.1600000000000037, 3-15-2016
0.5099980000000031, 0.1600000000000037, 0.15000100000000316, -0.47000100000000344, 3-16-2016
0.490001000000003, -0.47000100000000344, -0.12999900000000153, 0.00999800000000306, 3-17-2016
0.25, 0.00999800000000306, -0.00999800000000306, 0.02999900000000011, 3-18-2016
0.37999900000000153, 0.02999900000000011, 0.030000000000001137, 0.4500010000000003, 3-19-2016
0.7099989999999998, 0.4500010000000003, 0.07000000000000028, 0.25999800000000306, 3-20-2016
0.4599990000000034, 0.25999800000000306, -0.18000000000000682, -0.1800009999999972, 3-21-2016
0.3399999999999963, -0.1800009999999972, -0.07999799999999624, 0.1800009999999972, 3-22-2016
0.3700030000000041, 0.1800009999999972, -0.25, -0.20000100000000032, 4-1-2016
0.6400010000000016, -0.20000100000000032, -0.11000100000000046, 0.010000999999999038, 4-2-2016
0.3999999999999986, 0.010000999999999038, 0.06999900000000281, 0.11000299999999896, 4-3-2016
0.4599999999999973, 0.11000299999999896, -0.1900030000000008, -0.33999999999999986, 4-4-2016
0.5499999999999972, -0.33999999999999986, 0.21000100000000188, -0.13000100000000003, 4-5-2016
0.5400000000000027, -0.13000100000000003, 0.27000099999999705, -0.22999999999999687, 4-6-2016
0.6800000000000033, -0.22999999999999687, 0.20999899999999982, -0.01999800000000107, 4-7-2016
0.5600019999999972, -0.01999800000000107, 0.10999800000000093, 0.16000199999999865, 4-8-2016
0.2299989999999994, 0.16000199999999865, -0.3500000000000014, 0.01999800000000107, 4-9-2016
0.33999999999999986, 0.01999800000000107, -0.009997999999999507, -0.33000200000000035, 4-10-2016
0.509999999999998, -0.33000200000000035, -0.02999900000000011, 0.21999999999999886, 4-11-2016
0.33999999999999986, 0.21999999999999886, 0.05000100000000174, -0.1000009999999989, 4-12-2016
0.40999900000000267, -0.1000009999999989, -0.28000000000000114, 0.6799999999999997, 4-13-2016
1.009998000000003, 0.6799999999999997, -0.059999000000001246, 0.029998000000002634, 4-14-2016
0.2500019999999985, 0.029998000000002634, -0.22999900000000295, -0.1000009999999989, 4-15-2016
0.6400019999999991, -0.1000009999999989, -0.2799979999999991, 0.02999799999999908, 4-16-2016
0.2999989999999997, 0.02999799999999908, 0.0, 0.010000999999999038, 4-17-2016
0.5300009999999986, 0.010000999999999038, -0.14999999999999858, 0.5, 4-18-2016
0.6099980000000009, 0.5, -0.2999989999999997, -0.33999999999999986, 4-19-2016
0.6799980000000012, -0.33999999999999986, -0.25, -0.5800000000000018, 4-20-2016
0.770000999999997, -0.5800000000000018, 0.1700000000000017, 0.16000000000000014, 4-21-2016
0.3299999999999983, 0.16000000000000014, -0.20000100000000032, -0.04999899999999968, 5-1-2016
0.4699990000000014, -0.04999899999999968, -0.19000099999999875, -0.3200000000000003, 5-2-2016
0.5099979999999995, -0.3200000000000003, 0.02000099999999705, 0.02999900000000011, 5-3-2016
0.2699999999999996, 0.02999900000000011, -0.2899989999999981, 0.4299999999999997, 5-4-2016
0.5900010000000009, 0.4299999999999997, 0.03999899999999812, -0.2800009999999986, 5-5-2016
0.41000000000000014, -0.2800009999999986, 0.20000100000000032, 0.13999899999999954, 5-6-2016
0.35999999999999943, 0.13999899999999954, 0.0200010000000006, -0.1000009999999989, 5-7-2016
0.2800009999999986, -0.1000009999999989, 0.050001999999999214, -0.3500009999999989, 5-8-2016
0.6699999999999982, -0.3500009999999989, 0.1000009999999989, 0.04999899999999968, 5-9-2016
0.36000100000000046, 0.04999899999999968, -0.010000000000001563, 0.48999900000000096, 5-10-2016
0.6799999999999997, 0.48999900000000096, 0.18000100000000074, -0.5899999999999999, 5-11-2016
0.7099989999999998, -0.5899999999999999, 0.050000999999998186, -0.040001000000000175, 5-12-2016
0.4699990000000014, -0.040001000000000175, -0.21999999999999886, -0.14000099999999804, 5-13-2016
0.4299999999999997, -0.14000099999999804, 0.1000009999999989, 0.41999999999999815, 5-14-2016
0.6799980000000012, 0.41999999999999815, 0.08000000000000185, 0.0, 5-15-2016
0.3500009999999989, 0.0, 0.2699999999999996, 0.5599990000000012, 5-16-2016
0.6699999999999982, 0.5599990000000012, 0.14000199999999907, 0.18999799999999922, 5-17-2016
0.4200000000000017, 0.18999799999999922, 0.1000009999999989, 0.0, 5-18-2016
0.22999900000000295, 0.0, 0.11000000000000298, -0.030000000000001137, 5-19-2016
0.19999899999999826, -0.030000000000001137, -0.05999999999999872, 0.0799999999999983, 5-20-2016
0.34000099999999733, 0.0799999999999983, 0.030000999999998612, 0.03999900000000167, 5-21-2016
0.25, 0.03999900000000167, -0.1000009999999989, 0.20000100000000032, 6-1-2016
0.30999900000000125, 0.20000100000000032, -0.020000000000003126, -0.11999899999999997, 6-2-2016
0.33999999999999986, -0.11999899999999997, 0.01999800000000107, 0.040001000000000175, 6-3-2016
0.240000000000002, 0.040001000000000175, 0.07000000000000028, 0.12999900000000153, 6-4-2016
0.3199990000000028, 0.12999900000000153, -0.08000000000000185, 0.08999999999999986, 6-5-2016
0.20999899999999982, 0.08999999999999986, -0.20999899999999982, 0.26000099999999904, 6-6-2016
0.3200000000000003, 0.26000099999999904, -0.23999999999999844, 0.3399999999999963, 6-7-2016
0.5900019999999984, 0.3399999999999963, 0.00999800000000306, 0.11999899999999997, 6-8-2016
0.4599990000000034, 0.11999899999999997, -0.1599999999999966, 0.13000100000000003, 6-9-2016
0.45000099999999676, 0.13000100000000003, 0.1100009999999969, -0.6399989999999995, 6-10-2016
0.6699980000000032, -0.6399989999999995, -0.1700000000000017, 0.25, 6-11-2016
0.5500009999999982, 0.25, 0.03999900000000167, 0.030000000000001137, 6-12-2016
0.33999999999999986, 0.030000000000001137, 0.3099999999999987, 0.09999799999999937, 6-13-2016
0.4300009999999972, 0.09999799999999937, 0.09000000000000341, 0.060001999999997224, 6-14-2016
0.2900009999999966, 0.060001999999997224, -0.0200010000000006, -0.00999800000000306, 6-15-2016
0.38000100000000003, -0.00999800000000306, 0.29000100000000373, 0.4099999999999966, 6-16-2016
0.5, 0.4099999999999966, -1.1900029999999973, -0.25, 6-17-2016
0.9200000000000017, -0.25, -0.13999899999999954, -0.6900009999999988, 6-18-2016
0.9699990000000014, -0.6900009999999988, 0.25, 0.22000199999999737, 6-19-2016
0.39000199999999907, 0.22000199999999737, 0.15999900000000267, 0.5799999999999983, 6-20-2016
0.6700009999999992, 0.5799999999999983, 0.07000000000000028, 0.7999989999999997, 6-21-2016
0.9100019999999986, 0.7999989999999997, -0.1599999999999966, 0.1100009999999969, 6-22-2016
0.41999799999999965, 0.1100009999999969, -0.25, 0.17999999999999972, 7-1-2016
0.2700009999999935, 0.17999999999999972, 0.11999899999999997, 0.17000200000000376, 7-2-2016
0.619999, 0.17000200000000376, -0.010002000000000066, 0.24000199999999694, 7-3-2016
0.5899999999999963, 0.24000199999999694, 0.4500010000000003, 0.34999799999999937, 7-4-2016
0.5, 0.34999799999999937, 0.04000099999999662, 0.3400000000000034, 7-5-2016
0.4599990000000034, 0.3400000000000034, 0.12999700000000303, 0.4300009999999972, 7-6-2016
0.49000100000000657, 0.4300009999999972, 0.10000199999999637, -0.030002999999993563, 7-7-2016
0.36999899999999997, -0.030002999999993563, 0.12000299999999697, 0.07000000000000028, 7-8-2016
0.3399999999999963, 0.07000000000000028, 0.05999700000000274, -0.18999800000000278, 7-9-2016
0.389998999999996, -0.18999800000000278, 0.10999999999999943, -0.13000100000000003, 7-10-2016
0.25, -0.13000100000000003, -0.1599999999999966, 0.26000299999999754, 7-11-2016
0.3100019999999972, 0.26000299999999754, 0.14999699999999905, 0.39000000000000057, 7-12-2016
0.869999, 0.39000000000000057, -1.359997, -0.060001999999997224, 7-13-2016
0.630001, -0.060001999999997224, 0.1100009999999969, 0.27999899999999656, 7-14-2016
0.44000299999999726, 0.27999899999999656, -0.04000099999999662, 0.07000000000000028, 7-15-2016
0.18999800000000278, 0.07000000000000028, 0.06000099999999975, 0.3400000000000034, 7-16-2016
0.5299989999999966, 0.3400000000000034, -0.09000000000000341, -0.16999799999999965, 7-17-2016
0.6499979999999965, -0.16999799999999965, 0.0, -0.060001999999997224, 7-18-2016
0.3100019999999972, -0.060001999999997224, 0.0, 0.09000099999999378, 7-19-2016
0.3200000000000003, 0.09000099999999378, -0.04000099999999662, 0.02999799999999908, 7-20-2016
0.34999899999999684, 0.02999799999999908, -0.039996999999999616, -0.25, 8-1-2016
0.5399969999999996, -0.25, -0.4600030000000004, 0.15000200000000063, 8-2-2016
0.2899969999999996, 0.15000200000000063, 0.04000099999999662, 0.29000100000000373, 8-3-2016
0.3999979999999965, 0.29000100000000373, 0.21999699999999933, 0.1800009999999972, 8-4-2016
0.4299999999999997, 0.1800009999999972, -0.07999799999999624, 0.139998999999996, 8-5-2016
0.30999700000000274, 0.139998999999996, 0.0, -0.12000299999999697, 8-6-2016
0.3199999999999932, -0.12000299999999697, 0.08000200000000035, -0.47000100000000344, 8-7-2016
0.5, -0.47000100000000344, 0.13000100000000003, 0.020000000000003126, 8-8-2016
0.25, 0.020000000000003126, -0.1599999999999966, 0.04999999999999716, 8-9-2016
0.3199990000000028, 0.04999999999999716, 0.13000100000000003, 0.20999899999999627, 8-10-2016
0.5299989999999966, 0.20999899999999627, -0.13999999999999346, 0.43999900000000025, 8-11-2016
0.43999900000000025, 0.43999900000000025, -0.04000100000000373, -0.14999799999999652, 8-12-2016
0.43999900000000025, -0.14999799999999652, -0.06000099999999975, 0.010002000000000066, 8-13-2016
0.3400000000000034, 0.010002000000000066, -0.13000100000000003, 0.40000199999999353, 8-14-2016
0.5299980000000062, 0.40000199999999353, -0.04000099999999662, 0.1599999999999966, 8-15-2016
0.33000200000000035, 0.1599999999999966, 0.1399990000000031, -0.09999799999999937, 8-16-2016
0.39000000000000057, -0.09999799999999937, -0.08000200000000035, -0.16999799999999965, 8-17-2016
0.38999999999999346, -0.16999799999999965, -0.10000300000000095, 0.04000100000000373, 8-18-2016
0.3199990000000028, 0.04000100000000373, 0.020000999999993496, 0.14999700000000615, 8-19-2016
0.5300030000000007, 0.14999700000000615, 0.2200019999999938, 0.06999900000000281, 8-20-2016
0.519995999999999, 0.06999900000000281, 0.04000100000000373, 0.1100009999999969, 8-21-2016
0.2200019999999938, 0.1100009999999969, -0.08000200000000035, 0.2700000000000031, 8-22-2016
0.3200000000000003, 0.2700000000000031, 0.10000299999999385, 0.029998000000006186, 8-23-2016
0.45999899999999627, 0.029998000000006186, 0.18999900000000025, -0.12999700000000303, 9-1-2016
0.38000100000000003, -0.12999700000000303, 0.2999989999999997, 0.18999900000000025, 9-2-2016
0.4299999999999997, 0.18999900000000025, 0.08000200000000035, -0.19000299999999726, 9-3-2016
0.2700010000000006, -0.19000299999999726, -0.11000100000000401, 0.09000100000000089, 9-4-2016
0.47000100000000344, 0.09000100000000089, -0.3400010000000009, -0.6599989999999991, 9-5-2016
0.9500000000000028, -0.6599989999999991, -0.25, 0.8900030000000001, 9-6-2016
1.0599980000000002, 0.8900030000000001, -0.33000200000000035, -0.1399990000000031, 9-7-2016
0.5600009999999997, -0.1399990000000031, -0.10000299999999385, 0.1100009999999969, 9-8-2016
0.41999799999999965, 0.1100009999999969, 0.12000299999999697, 0.8199990000000028, 9-9-2016
1.110001000000004, 0.8199990000000028, 1.1600000000000037, -0.050003000000003794, 9-10-2016
0.7999989999999997, -0.050003000000003794, 0.0200010000000006, -0.5299990000000037, 9-11-2016
0.9299999999999997, -0.5299990000000037, 0.25999800000000306, -0.27999899999999656, 9-12-2016
0.49000099999999946, -0.27999899999999656, 0.07000000000000028, 0.24000199999999694, 9-13-2016
0.5999980000000065, 0.24000199999999694, 0.14999699999999905, -0.04999899999999968, 9-14-2016
0.3900030000000001, -0.04999899999999968, -0.09999799999999937, -0.26000200000000007, 9-15-2016
0.5300030000000007, -0.26000200000000007, -0.2700010000000006, -0.269995999999999, 9-16-2016
0.3400010000000009, -0.269995999999999, 0.25, 0.2799979999999991, 9-17-2016
0.5900000000000034, 0.2799979999999991, 0.13000100000000003, 0.1299980000000005, 9-18-2016
0.34999799999999937, 0.1299980000000005, 0.05000299999999669, -0.17000199999999666, 9-19-2016
0.5299989999999966, -0.17000199999999666, 0.15000100000000316, 0.27999899999999656, 9-20-2016
0.4799989999999994, 0.27999899999999656, -0.06000099999999975, -0.02999900000000366, 9-21-2016
0.42000200000000376, -0.02999900000000366, 0.11000000000000654, -0.2299990000000065, 10-1-2016
0.6099969999999999, -0.2299990000000065, 0.20999900000000338, 0.24000199999999694, 10-2-2016
0.6700019999999967, 0.24000199999999694, -0.15000199999999353, 0.22999999999999687, 10-3-2016
0.5799979999999962, 0.22999999999999687, 0.010002000000000066, 0.019995999999999015, 10-4-2016
0.4400020000000069, 0.019995999999999015, 0.15000200000000063, -0.22999999999999687, 10-5-2016
0.45999899999999627, -0.22999999999999687, -0.11000000000000654, -0.6399999999999935, 10-6-2016
1.1799999999999997, -0.6399999999999935, -0.06999900000000281, -0.07000000000000028, 10-7-2016
0.43999900000000025, -0.07000000000000028, -0.28000300000000067, 0.12000300000000408, 10-8-2016
0.6700019999999967, 0.12000300000000408, 0.2199979999999968, 0.26000200000000007, 10-9-2016
0.5400010000000037, 0.26000200000000007, 0.09999799999999937, -0.25999800000000306, 10-10-2016
0.4799990000000065, -0.25999800000000306, 0.6800000000000068, -0.22000100000000344, 10-11-2016
0.5200000000000031, -0.22000100000000344, -1.6799999999999997, -0.5600019999999972, 10-12-2016
0.8600000000000065, -0.5600019999999972, -0.09999800000000647, 0.020000000000003126, 10-13-2016
0.5700000000000003, 0.020000000000003126, -0.22000099999999634, -0.05999700000000274, 10-14-2016
0.5900010000000009, -0.05999700000000274, 0.2799979999999991, -0.17000199999999666, 10-15-2016
0.38000100000000003, -0.17000199999999666, -0.11999899999999997, -0.04000100000000373, 10-16-2016
0.24000199999999694, -0.04000100000000373, -0.05999700000000274, -0.12000299999999697, 10-17-2016
0.46999700000000644, -0.12000299999999697, 0.17999999999999972, -0.2899969999999996, 10-18-2016
0.4799999999999969, -0.2899969999999996, 0.05999800000000022, -0.12999700000000303, 10-19-2016
0.45999899999999627, -0.12999700000000303, 0.1799960000000027, -0.04999899999999968, 10-20-2016
0.24000199999999694, -0.04999899999999968, 0.030003000000000668, -0.3800019999999975, 10-21-2016
0.8899999999999935, -0.3800019999999975, 0.07999799999999624, 0.0, 11-1-2016
0.4300009999999972, 0.0, -0.14999699999999905, -0.5200010000000006, 11-2-2016
0.6500010000000032, -0.5200010000000006, -0.40000100000000316, 0.08000200000000035, 11-3-2016
0.5100020000000001, 0.08000200000000035, 0.630001, 0.4499970000000033, 11-4-2016
0.5999979999999994, 0.4499970000000033, -0.09000100000000089, 0.14000399999999757, 11-5-2016
0.4599990000000034, 0.14000399999999757, -0.6100009999999969, 0.619999, 11-6-2016
1.1799999999999997, 0.619999, 0.20000100000000032, -0.4500010000000003, 11-7-2016
0.9200020000000038, -0.4500010000000003, 0.07000000000000028, 0.04000099999999662, 11-8-2016
0.5299989999999966, 0.04000099999999662, -0.04999999999999716, -0.08000100000000288, 11-9-2016
0.5299989999999966, -0.08000100000000288, 0.15999900000000622, 0.2700009999999935, 11-10-2016
0.6799999999999997, 0.2700009999999935, -0.009997999999995955, -0.060001999999997224, 11-11-2016
0.379997000000003, -0.060001999999997224, -0.02999900000000366, 0.20999900000000338, 11-12-2016
0.3899990000000031, 0.20999900000000338, -0.11999800000000249, 0.04999899999999968, 11-13-2016
0.3600009999999969, 0.04999899999999968, 0.14999699999999905, -0.11999800000000249, 11-14-2016
0.3600009999999969, -0.11999800000000249, 0.20000000000000284, 0.29999999999999716, 11-15-2016
0.3899990000000031, 0.29999999999999716, 0.0, -0.27999899999999656, 11-16-2016
0.42000200000000376, -0.27999899999999656, -0.09000000000000341, 0.32999800000000334, 11-17-2016
0.3400000000000034, 0.32999800000000334, -0.009999000000000535, 0.07999800000000334, 11-18-2016
0.4500009999999932, 0.07999800000000334, 0.13000100000000003, -0.32999800000000334, 11-19-2016
0.36999899999999997, -0.32999800000000334, -0.10999999999999943, -0.5, 11-20-2016
0.5999979999999994, -0.5, 0.1599999999999966, -1.1000029999999938, 11-21-2016
1.369999, -1.1000029999999938, -0.039996999999999616, 0.43999899999999315, 12-1-2016
0.6600000000000037, 0.43999899999999315, 0.15000100000000316, 0.07999800000000334, 12-2-2016
0.4499969999999962, 0.07999800000000334, 0.0, 0.33000200000000035, 12-3-2016
0.4500010000000003, 0.33000200000000035, -0.050003000000003794, 0.8300020000000004, 12-4-2016
1.119999, 0.8300020000000004, -0.020000000000003126, 0.22000100000000344, 12-5-2016
0.8099979999999931, 0.22000100000000344, 0.04999899999999968, 0.00999800000000306, 12-6-2016
0.3100019999999972, 0.00999800000000306, 0.020000999999993496, 0.1900020000000069, 12-7-2016
0.42000200000000376, 0.1900020000000069, 0.039996999999999616, 0.7900009999999966, 12-8-2016
0.9599990000000034, 0.7900009999999966, -0.09999799999999937, -0.15000200000000063, 12-9-2016
0.4299999999999997, -0.15000200000000063, 0.19000299999999726, 0.04999899999999968, 12-10-2016
0.630001, 0.04999899999999968, -0.06999999999999318, -0.4100000000000037, 12-11-2016
0.7799989999999966, -0.4100000000000037, 0.02999900000000366, 0.5499989999999997, 12-12-2016
0.6800009999999972, 0.5499989999999997, 0.060001999999997224, 0.25999800000000306, 12-13-2016
0.35000299999999385, 0.25999800000000306, 0.04000099999999662, -0.2700000000000031, 12-14-2016
0.4399980000000028, -0.2700000000000031, 0.25, -0.29999999999999716, 12-15-2016
0.4300009999999972, -0.29999999999999716, 0.0, 0.04000100000000373, 12-16-2016
0.20999999999999375, 0.04000100000000373, -0.060001000000006854, 0.1600000000000037, 12-17-2016
0.42000200000000376, 0.1600000000000037, 0.02999799999999908, -0.46999699999999933, 12-18-2016
0.619999, -0.46999699999999933, -0.12000299999999697, 0.15000199999999353, 12-19-2016
0.29000100000000373, 0.15000199999999353, 0.13000100000000003, -0.5200009999999935, 12-20-2016
